SampleAVG SampleMax SampleMin NoisyAVG  PureRandom BoundedRandom       
0.499432  0.999658  0.000978  0.513176  0.989016   0.867546            
0.489534  0.999930  0.000346  0.479271  0.265570   0.385988            
0.515432  0.999580  0.000346  0.492801  0.897485   0.056562            
0.497907  0.999165  0.001440  0.501475  0.243991   0.510698            
0.486575  0.998854  0.000866  0.493520  0.108971   0.963168            
0.493120  0.999658  0.001849  0.505464  0.823755   0.943711            
0.482674  0.999835  0.001617  0.505444  0.032621   0.144971            
0.506373  0.999991  0.001059  0.522087  0.635513   0.439271            
0.497362  0.999658  0.000978  0.502796  0.689176   0.348617            
0.492747  0.999873  0.002166  0.498254  0.594075   0.979492            
0.511976  0.999930  0.000519  0.504487  0.628108   0.669888            
0.510093  0.998692  0.000085  0.493815  0.157502   0.394614            
0.500674  0.999930  0.000866  0.503511  0.942289   0.706272            
0.499343  0.998693  0.000085  0.509797  0.040652   0.894236            
0.486415  0.999273  0.001394  0.513530  0.977524   0.611311            
0.509143  0.999835  0.000346  0.503233  0.336808   0.328611            
0.516552  0.996463  0.001862  0.514075  0.317109   0.946453            
0.499314  0.999873  0.001394  0.507506  0.470043   0.390230            
0.514506  0.999020  0.001617  0.517493  0.120608   0.256876            
0.510164  0.999991  0.000085  0.515072  0.184481   0.813296            
0.499792  0.999991  0.004247  0.492391  0.428191   0.995801            
0.501314  0.998433  0.000978  0.501596  0.321966   0.250585            
0.509036  0.999930  0.001498  0.506386  0.463835   0.719602            
0.495890  0.999489  0.000866  0.513815  0.080823   0.887328            
0.499367  0.999873  0.000866  0.504442  0.442158   0.473583            
0.504644  0.999930  0.000085  0.500851  0.952541   0.509332            
0.518213  0.997634  0.000085  0.482419  0.718475   0.525262            
0.511914  0.999580  0.000519  0.481940  0.565582   0.555178            
0.510800  0.999873  0.001394  0.532012  0.158525   0.328789            
0.514152  0.999614  0.001498  0.509344  0.635897   0.532849            
0.502707  0.999930  0.001617  0.492619  0.481741   0.028783            
0.493080  0.997634  0.000085  0.507545  0.436728   0.866023            
0.501218  0.999658  0.000085  0.500300  0.298718   0.926119            
0.501640  0.999835  0.001498  0.502558  0.483750   0.259253            
0.500561  0.999658  0.001440  0.484067  0.591716   0.022252            
0.503641  0.999991  0.001480  0.505237  0.241230   0.216011            
0.502013  0.999614  0.003526  0.522454  0.964473   0.539433            
0.490691  0.999873  0.000978  0.499175  0.331518   0.576072            
0.507597  0.997604  0.000085  0.506073  0.875151   0.910934            
0.496093  0.999991  0.000978  0.499814  0.504719   0.145866            
0.491328  0.999614  0.000085  0.510988  0.449937   0.912913            
0.503822  0.999273  0.001440  0.497283  0.848849   0.930903            
0.491062  0.999614  0.001328  0.514767  0.533750   0.948146            
0.490208  0.999165  0.000978  0.499510  0.140630   0.477309            
0.480200  0.999873  0.000519  0.498667  0.025813   0.700083            
0.502572  0.999658  0.000346  0.478416  0.199482   0.311726            
0.481588  0.998297  0.000866  0.506305  0.364744   0.371392            
0.497859  0.999489  0.000085  0.501264  0.286206   0.647015            
0.509416  0.999991  0.000085  0.484833  0.655306   0.110472            
0.499424  0.999273  0.000978  0.498620  0.346598   0.840101            
0.488300  0.999930  0.001480  0.485467  0.572027   0.626365            
0.507420  0.999658  0.000978  0.505969  0.219942   0.652873            
0.509242  0.999835  0.001059  0.496794  0.426889   0.405352            
0.497933  0.998692  0.004454  0.502883  0.546877   0.080426            
0.496793  0.999261  0.000085  0.490380  0.317074   0.010878            
0.505619  0.999580  0.001440  0.502059  0.026286   0.964070            
0.498620  0.998692  0.001328  0.508329  0.051112   0.722827            
0.498964  0.999991  0.000085  0.507131  0.551403   0.035446            
0.517533  0.999991  0.000866  0.508084  0.555381   0.433143            
0.527047  0.997413  0.001862  0.492798  0.565156   0.724382            
0.505648  0.999614  0.000978  0.481552  0.112520   0.364420            
0.509471  0.999835  0.001394  0.511724  0.314289   0.685443            
0.513561  0.998854  0.001394  0.497929  0.938262   0.539260            
0.494008  0.999991  0.000346  0.491712  0.036080   0.814689            
0.500095  0.998618  0.000346  0.519351  0.310361   0.302326            
0.492063  0.999273  0.001693  0.501014  0.564013   0.200021            
0.487539  0.996642  0.001440  0.507143  0.837426   0.644259            
0.522643  0.999489  0.001862  0.500987  0.822479   0.539267            
0.498616  0.999261  0.000346  0.500134  0.294861   0.011790            
0.507257  0.999580  0.000866  0.504731  0.115603   0.910854            
0.498586  0.999165  0.000866  0.502588  0.194531   0.970185            
0.490987  0.999991  0.000346  0.504801  0.590972   0.000940            
0.495826  0.999273  0.001880  0.486324  0.117944   0.142198            
0.498982  0.998198  0.000085  0.494810  0.991554   0.622665            
0.503425  0.999273  0.001498  0.493740  0.564771   0.557887            
0.493826  0.999165  0.001394  0.499677  0.843984   0.423532            
0.506119  0.995244  0.001689  0.512796  0.569480   0.475780            
0.495648  0.999991  0.004640  0.483318  0.782304   0.202307            
0.495239  0.999873  0.004238  0.496414  0.033054   0.040640            
0.497109  0.999489  0.001059  0.507875  0.715357   0.004528            
0.498528  0.999991  0.001689  0.488118  0.888502   0.675004            
0.505213  0.998854  0.002692  0.490265  0.383362   0.761642            
0.505673  0.999261  0.000978  0.502652  0.174626   0.916396            
0.504919  0.999835  0.000519  0.504386  0.993014   0.609130            
0.493304  0.999020  0.001440  0.503506  0.130927   0.902062            
0.505212  0.999261  0.000978  0.502524  0.978551   0.147120            
0.507662  0.999930  0.002692  0.499571  0.269747   0.323893            
0.489787  0.998618  0.000346  0.500511  0.295483   0.594906            
0.512891  0.999658  0.001498  0.504844  0.058029   0.102403            
0.503687  0.999614  0.000085  0.493427  0.487902   0.731193            
0.504880  0.999580  0.000978  0.505854  0.190404   0.703590            
0.507613  0.998693  0.002166  0.491568  0.650144   0.994626            
0.477697  0.999658  0.002166  0.484858  0.294573   0.722850            
0.516606  0.999165  0.001862  0.507565  0.453245   0.196116            
0.506748  0.997612  0.004604  0.502172  0.064919   0.831404            
0.494056  0.999165  0.000085  0.500405  0.684403   0.310722            
0.500754  0.999991  0.001689  0.498488  0.827869   0.067214            
0.499664  0.999580  0.001498  0.500215  0.954346   0.917446            
0.492554  0.999658  0.001440  0.514621  0.420804   0.290121            
0.508509  0.999873  0.001328  0.498568  0.124025   0.753758            
0.489701  0.999835  0.001059  0.486590  0.309695   0.108347            
0.502905  0.999873  0.001328  0.492312  0.090515   0.427263            
0.515930  0.998275  0.001533  0.487372  0.870281   0.677969            
0.505798  0.999658  0.000519  0.496529  0.811867   0.348910            
0.511678  0.999873  0.002738  0.489855  0.417668   0.694676            
0.494490  0.997781  0.000085  0.503145  0.933523   0.593470            
0.500297  0.996371  0.002914  0.498136  0.319160   0.250076            
0.497134  0.999991  0.000346  0.492321  0.225274   0.665966            
0.496217  0.999991  0.000085  0.508668  0.009534   0.242855            
0.502943  0.999873  0.000978  0.530721  0.862142   0.773207            
0.507896  0.999489  0.001533  0.511416  0.456754   0.374572            
0.508403  0.999930  0.001440  0.496547  0.906813   0.886805            
0.494671  0.998297  0.001849  0.503406  0.312614   0.455176            
0.503295  0.999991  0.000346  0.501833  0.618225   0.840718            
0.498321  0.997565  0.001328  0.494966  0.717232   0.881243            
0.492067  0.999930  0.000346  0.490934  0.680565   0.437381            
0.495538  0.999658  0.000346  0.522120  0.157983   0.309863            
0.508905  0.999261  0.000085  0.503321  0.977856   0.385780            
0.502947  0.999273  0.000346  0.512963  0.039992   0.542273            
0.502797  0.998275  0.001862  0.509922  0.736198   0.608491            
0.484489  0.999489  0.004418  0.488925  0.673908   0.801596            
0.511059  0.999991  0.000866  0.497108  0.344260   0.427847            
0.516496  0.999261  0.001059  0.494394  0.271617   0.878969            
0.516573  0.999020  0.001059  0.505327  0.726791   0.981139            
0.503724  0.998297  0.000346  0.493182  0.520242   0.529533            
0.510819  0.999658  0.000085  0.508389  0.958505   0.886367            
0.506257  0.999165  0.001849  0.479982  0.974468   0.087989            
0.498782  0.999873  0.002738  0.491955  0.900371   0.185688            
0.498469  0.999580  0.001328  0.498664  0.631618   0.996622            
0.497910  0.999489  0.001498  0.512972  0.044383   0.359921            
0.499861  0.998558  0.000085  0.497079  0.950179   0.589173            
0.499270  0.999273  0.001328  0.493636  0.021332   0.576138            
0.500149  0.998198  0.001059  0.505093  0.325792   0.750519            
0.503664  0.999930  0.000978  0.499379  0.688477   0.244649            
0.490653  0.997565  0.001328  0.527418  0.395978   0.406865            
0.505179  0.999873  0.000519  0.503204  0.345031   0.100112            
0.501264  0.999489  0.001498  0.494638  0.902771   0.337095            
0.499276  0.998618  0.001440  0.489275  0.427822   0.085029            
0.498281  0.999489  0.000085  0.518245  0.731599   0.063492            
0.497341  0.999873  0.000346  0.512217  0.855584   0.096818            
0.514115  0.999489  0.000346  0.517830  0.021358   0.743311            
0.499289  0.999261  0.000978  0.478285  0.337237   0.407052            
0.487385  0.997604  0.001328  0.492960  0.566874   0.487267            
0.502359  0.999273  0.001059  0.500652  0.383892   0.165519            
0.500074  0.998618  0.000346  0.491224  0.022945   0.863194            
0.501870  0.999835  0.001059  0.500601  0.816838   0.702279            
0.495322  0.999991  0.001693  0.508582  0.050830   0.613272            
0.507952  0.999930  0.000978  0.487782  0.039346   0.847770            
0.510203  0.998693  0.000978  0.501621  0.004754   0.946827            
0.502090  0.999873  0.001498  0.504713  0.350620   0.496071            
0.502592  0.998854  0.001533  0.504898  0.935599   0.506479            
0.506568  0.999658  0.001394  0.495329  0.217818   0.170705            
0.491318  0.999930  0.002692  0.484619  0.908830   0.846575            
0.499232  0.999489  0.001498  0.527284  0.252341   0.696021            
0.507841  0.999614  0.001059  0.499225  0.450728   0.322463            
0.480572  0.999930  0.000346  0.493273  0.415766   0.561148            
0.498390  0.999930  0.001617  0.479880  0.694132   0.986924            
0.500052  0.998618  0.000866  0.494750  0.975194   0.283428            
0.487623  0.999614  0.004238  0.487862  0.543299   0.830391            
0.508168  0.999991  0.000866  0.503441  0.116314   0.847031            
0.494203  0.999614  0.000085  0.491144  0.964125   0.027230            
0.490514  0.999930  0.000866  0.510591  0.757050   0.395382            
0.475855  0.999580  0.003526  0.498137  0.884586   0.287317            
0.519712  0.998558  0.000519  0.515032  0.980551   0.820331            
0.499779  0.999991  0.003212  0.499699  0.991744   0.195006            
0.498690  0.999658  0.001440  0.511061  0.563863   0.755408            
0.487692  0.999658  0.001480  0.492505  0.036948   0.268255            
0.493581  0.999873  0.000085  0.514664  0.218928   0.248567            
0.510941  0.999614  0.001862  0.509032  0.581019   0.830142            
0.507762  0.999835  0.001059  0.510183  0.293652   0.556987            
0.479836  0.999580  0.001440  0.519615  0.465293   0.183337            
0.514727  0.999835  0.002329  0.508359  0.820255   0.689218            
0.489462  0.999165  0.001440  0.485693  0.533514   0.718798            
0.492143  0.999489  0.001849  0.497669  0.750639   0.949494            
0.483479  0.997634  0.000866  0.522395  0.899700   0.799132            
0.499043  0.999580  0.000346  0.506555  0.623667   0.037647            
0.504773  0.999614  0.000978  0.498775  0.649215   0.080267            
0.495759  0.999165  0.000866  0.493459  0.211858   0.662414            
0.507258  0.998618  0.000978  0.521331  0.617362   0.550634            
0.516763  0.999835  0.001480  0.486021  0.020866   0.010900            
0.510289  0.997634  0.001440  0.520548  0.921312   0.360191            
0.495809  0.998623  0.000519  0.501286  0.115921   0.459257            
0.510632  0.999991  0.000085  0.506073  0.915657   0.348081            
0.499783  0.998198  0.000519  0.513024  0.687626   0.772530            
0.500553  0.999489  0.001480  0.491710  0.214864   0.523581            
0.507536  0.998297  0.002216  0.517220  0.311944   0.244165            
0.499652  0.999835  0.000519  0.502977  0.570965   0.222093            
0.497217  0.995450  0.000346  0.502541  0.023808   0.343926            
0.503657  0.996463  0.001617  0.518879  0.437255   0.190901            
0.526406  0.999273  0.001880  0.492199  0.033994   0.573415            
0.491554  0.999580  0.003212  0.478642  0.329945   0.652519            
0.508254  0.999020  0.001059  0.499442  0.868461   0.688882            
0.500151  0.999489  0.001480  0.506357  0.913844   0.970175            
0.505502  0.999930  0.001394  0.514502  0.900289   0.934052            
0.499517  0.999580  0.000346  0.506078  0.628487   0.815420            
0.498050  0.999873  0.000085  0.483534  0.952403   0.398246            
0.498541  0.999489  0.000866  0.483941  0.855263   0.917994            
0.504425  0.997542  0.001394  0.500181  0.417907   0.379099            
0.505545  0.999991  0.000346  0.510413  0.112357   0.607421            
0.500355  0.998479  0.002171  0.494181  0.721425   0.065092            
0.520636  0.999273  0.001394  0.496643  0.778568   0.107834            
0.502532  0.999991  0.001480  0.504062  0.339986   0.244069            
0.507704  0.999614  0.000866  0.523251  0.236670   0.871344            
0.501032  0.999273  0.001328  0.499707  0.586873   0.551779            
0.494052  0.999273  0.001617  0.505971  0.143660   0.179266            
0.508450  0.999930  0.000085  0.493313  0.186020   0.155723            
0.498152  0.998618  0.000866  0.503867  0.546354   0.403469            
0.494367  0.999873  0.001533  0.496426  0.900402   0.220888            
0.508271  0.999261  0.002738  0.514808  0.386595   0.707610            
0.507416  0.997542  0.002692  0.498041  0.231209   0.359591            
0.506352  0.999991  0.001617  0.512216  0.613187   0.421922            
0.495709  0.999991  0.000519  0.500211  0.273979   0.466486            
0.504495  0.998623  0.001689  0.512774  0.799855   0.171161            
0.477938  0.999835  0.000346  0.499638  0.569501   0.752588            
0.509198  0.998433  0.000519  0.515682  0.582614   0.934249            
0.503909  0.998479  0.000519  0.502088  0.738647   0.479236            
0.496768  0.999930  0.001498  0.501783  0.269419   0.029623            
0.516406  0.999835  0.002171  0.489327  0.372555   0.447043            
0.491854  0.999273  0.000346  0.492216  0.791480   0.587454            
0.504910  0.999930  0.001059  0.495694  0.246611   0.329011            
0.510392  0.999873  0.001849  0.491657  0.794137   0.059336            
0.502188  0.999614  0.002062  0.508499  0.460133   0.810665            
0.503868  0.998618  0.001059  0.494951  0.069367   0.410327            
0.497232  0.999835  0.001394  0.495390  0.483502   0.989546            
0.497327  0.999873  0.000346  0.518420  0.642225   0.647530            
0.498416  0.999991  0.001498  0.507024  0.926731   0.795990            
0.501318  0.999835  0.000346  0.509510  0.731133   0.951715            
0.502696  0.999873  0.000085  0.500652  0.841940   0.495078            
0.496066  0.999873  0.001440  0.506604  0.846219   0.607142            
0.498643  0.998270  0.001328  0.505578  0.529656   0.970573            
0.503762  0.999658  0.000978  0.491965  0.454184   0.850812            
0.499009  0.997544  0.000085  0.509843  0.160776   0.200963            
0.498876  0.998479  0.000866  0.498986  0.983582   0.555834            
0.484598  0.997540  0.001328  0.491227  0.848494   0.111216            
0.502804  0.999873  0.000519  0.493565  0.235815   0.549585            
0.489966  0.998270  0.001480  0.491072  0.264491   0.183041            
0.503688  0.999489  0.000866  0.493304  0.867286   0.942252            
0.512385  0.999273  0.000519  0.495186  0.212652   0.214303            
0.497334  0.999991  0.001480  0.499849  0.114725   0.165681            
0.507112  0.999991  0.001328  0.516250  0.906818   0.265291            
0.495655  0.999489  0.000085  0.495106  0.576109   0.330984            
0.494698  0.999489  0.000346  0.502601  0.616865   0.838517            
0.505917  0.999835  0.001617  0.484715  0.057278   0.235480            
0.503506  0.998618  0.000519  0.510118  0.664796   0.246075            
0.488760  0.998297  0.001440  0.520175  0.869667   0.559867            
0.501389  0.999020  0.000978  0.489731  0.961702   0.776682            
0.508638  0.997542  0.000346  0.510423  0.080474   0.876836            
0.510326  0.999930  0.000978  0.512291  0.845518   0.458364            
0.495109  0.999489  0.000346  0.504698  0.619956   0.530346            
0.495805  0.999020  0.002171  0.506781  0.296710   0.058839            
0.486832  0.998693  0.001059  0.504458  0.709717   0.155867            
0.513503  0.998275  0.001480  0.507153  0.017356   0.666509            
0.498858  0.999261  0.002166  0.486653  0.214605   0.289142            
0.514657  0.997634  0.001693  0.516307  0.945755   0.799815            
0.512752  0.999658  0.001480  0.509300  0.519444   0.903266            
0.508058  0.999614  0.001689  0.493680  0.809579   0.495918            
0.492207  0.995818  0.001533  0.494730  0.095311   0.595036            
0.499397  0.999658  0.001480  0.503846  0.417175   0.248914            
0.504772  0.999991  0.000519  0.495506  0.623515   0.787462            
0.491395  0.999273  0.001328  0.492407  0.338845   0.035074            
0.507164  0.999991  0.001059  0.510222  0.528466   0.429193            
0.490899  0.998854  0.001533  0.498332  0.050250   0.859887            
0.503881  0.999614  0.000085  0.489764  0.370455   0.494814            
0.494799  0.999991  0.001849  0.500572  0.422990   0.085906            
0.495967  0.997428  0.001394  0.504012  0.964610   0.518451            
0.508399  0.999165  0.001480  0.494825  0.138910   0.124491            
0.497227  0.998558  0.000085  0.505666  0.871038   0.640489            
0.495506  0.999991  0.001059  0.494549  0.950227   0.247843            
0.499680  0.999165  0.004604  0.495710  0.089598   0.982724            
0.509793  0.998558  0.001328  0.500423  0.214842   0.855810            
0.491433  0.999580  0.002329  0.512609  0.624994   0.625226            
0.503525  0.998198  0.002738  0.493253  0.720228   0.690336            
0.507166  0.999658  0.000519  0.487579  0.542155   0.753028            
0.514675  0.999835  0.000866  0.512616  0.987830   0.889140            
0.496988  0.999658  0.001617  0.505450  0.316820   0.283226            
0.501980  0.998558  0.001533  0.498436  0.176199   0.087004            
0.478153  0.998693  0.001440  0.498485  0.218965   0.934238            
0.524384  0.998692  0.002171  0.504920  0.550598   0.917497            
0.517136  0.999658  0.001440  0.488481  0.401180   0.732538            
0.501053  0.999930  0.001533  0.511979  0.941655   0.405414            
0.493434  0.998618  0.000085  0.509605  0.012210   0.773374            
0.501641  0.999835  0.001440  0.502519  0.171251   0.577315            
0.502740  0.999991  0.000978  0.502496  0.155594   0.468413            
0.515619  0.998558  0.000346  0.497849  0.427286   0.380857            
0.492802  0.999930  0.001059  0.502958  0.594556   0.369573            
0.500275  0.998623  0.000866  0.517540  0.682325   0.821862            
0.511081  0.998433  0.000346  0.502949  0.354076   0.039402            
0.501177  0.999991  0.001498  0.499808  0.098342   0.815426            
0.512463  0.998623  0.001862  0.508395  0.098108   0.177685            
0.493499  0.998275  0.003093  0.497447  0.372268   0.309088            
0.512269  0.999489  0.000978  0.474263  0.954033   0.124790            
0.506177  0.999658  0.001440  0.506647  0.136380   0.964796            
0.493561  0.999930  0.000978  0.511581  0.711185   0.109834            
0.496898  0.997781  0.000346  0.497967  0.806004   0.821676            
0.481936  0.999991  0.001394  0.491687  0.030817   0.374183            
0.486604  0.999873  0.001862  0.503345  0.869485   0.807639            
0.497330  0.998618  0.000519  0.498518  0.167993   0.107282            
0.498503  0.998270  0.000519  0.500045  0.063346   0.726863            
0.496800  0.999873  0.000866  0.500719  0.847175   0.902594            
0.505076  0.998618  0.001440  0.496294  0.100834   0.896056            
0.507360  0.999991  0.001440  0.499716  0.862699   0.028521            
0.514164  0.995358  0.001880  0.512994  0.935913   0.921781            
0.492642  0.999261  0.001328  0.490782  0.617817   0.935563            
0.513210  0.998479  0.001328  0.489231  0.024355   0.351038            
0.508162  0.999873  0.001328  0.504873  0.981302   0.110983            
0.495415  0.999835  0.000519  0.499628  0.011129   0.237795            
0.505590  0.999835  0.003830  0.504951  0.780543   0.839877            
0.501937  0.999614  0.001480  0.508279  0.104628   0.845799            
0.498591  0.999273  0.002329  0.505722  0.036887   0.246153            
0.499797  0.999580  0.000519  0.493508  0.351249   0.238968            
0.517848  0.998854  0.001328  0.506745  0.914719   0.627172            
0.493228  0.999991  0.001440  0.485728  0.113242   0.177507            
0.506225  0.997612  0.001480  0.509022  0.026678   0.550334            
0.502839  0.998198  0.001059  0.494768  0.637508   0.051845            
0.495229  0.999614  0.000978  0.497638  0.064442   0.544430            
0.502353  0.999261  0.002329  0.510823  0.987023   0.028015            
0.508740  0.999489  0.001849  0.500529  0.498606   0.122753            
0.499512  0.998558  0.001480  0.505148  0.885279   0.035403            
0.508717  0.999273  0.000519  0.503274  0.192593   0.219867            
0.502643  0.999273  0.001394  0.509198  0.637613   0.448235            
0.473652  0.999273  0.001480  0.522964  0.955398   0.216760            
0.502803  0.999835  0.000085  0.494178  0.015696   0.350520            
0.512334  0.999930  0.001689  0.497056  0.029550   0.481982            
0.516690  0.999658  0.001693  0.510645  0.072700   0.543208            
0.506051  0.993532  0.000978  0.500151  0.969988   0.079273            
0.497183  0.999020  0.001498  0.498620  0.029515   0.040337            
0.509526  0.999580  0.000085  0.493466  0.378554   0.833051            
0.489694  0.999930  0.000085  0.488825  0.691902   0.460973            
0.488530  0.999614  0.000346  0.511031  0.398756   0.072142            
0.506172  0.999273  0.000346  0.497901  0.945868   0.070111            
0.496007  0.999835  0.000085  0.482518  0.122209   0.356838            
0.486034  0.998198  0.000085  0.487157  0.404264   0.283626            
0.503982  0.999273  0.001059  0.482846  0.530022   0.805341            
0.505051  0.999580  0.000085  0.487159  0.063433   0.006083            
0.504082  0.996621  0.000346  0.491348  0.311877   0.617401            
0.493526  0.999614  0.001328  0.495260  0.991026   0.811134            
0.500221  0.997540  0.002829  0.513105  0.189446   0.103733            
0.497018  0.998275  0.000519  0.524880  0.461310   0.096449            
0.492756  0.999930  0.000519  0.509075  0.413806   0.674063            
0.503765  0.999835  0.001394  0.490167  0.215486   0.404547            
0.483388  0.998297  0.001328  0.517210  0.121351   0.092049            
0.498655  0.998297  0.001862  0.478234  0.273662   0.923848            
0.507547  0.999930  0.001693  0.505514  0.111931   0.158638            
0.513554  0.999580  0.000866  0.497545  0.719512   0.539179            
0.492292  0.999930  0.001394  0.499035  0.237558   0.850176            
0.494731  0.999873  0.001059  0.493544  0.634263   0.554200            
0.493863  0.999658  0.000866  0.506121  0.718924   0.024924            
0.519007  0.999273  0.000085  0.490712  0.793522   0.545707            
0.499289  0.999873  0.001533  0.491913  0.299387   0.213081            
0.501859  0.999261  0.000085  0.494125  0.902667   0.163296            
0.512700  0.999614  0.000346  0.486241  0.737439   0.666604            
0.503424  0.999165  0.000866  0.495582  0.581745   0.263620            
0.489406  0.998854  0.000978  0.511329  0.660229   0.581436            
0.501512  0.999165  0.000978  0.501289  0.095883   0.972654            
0.483890  0.998692  0.000085  0.486138  0.546586   0.774412            
0.499068  0.999261  0.000346  0.503503  0.415423   0.690023            
0.500231  0.999261  0.000519  0.508421  0.927851   0.309768            
0.520294  0.998558  0.001440  0.519223  0.861494   0.753508            
0.503495  0.999580  0.001693  0.506030  0.249748   0.490569            
0.496545  0.999614  0.000085  0.494896  0.634429   0.094754            
0.493370  0.999658  0.000085  0.517611  0.797846   0.151703            
0.503270  0.999273  0.001480  0.477652  0.209389   0.996527            
0.510063  0.998433  0.001059  0.501832  0.731687   0.229632            
0.502138  0.996602  0.001480  0.492036  0.302349   0.241151            
0.498262  0.999873  0.001059  0.502121  0.188198   0.160310            
0.499801  0.999580  0.001394  0.501881  0.024606   0.306217            
0.511926  0.999873  0.001880  0.506487  0.482956   0.503579            
0.484518  0.997439  0.001533  0.498414  0.916792   0.919571            
0.512556  0.999991  0.000978  0.509610  0.828016   0.173749            
0.495913  0.997158  0.000866  0.504638  0.440531   0.041311            
0.512289  0.998479  0.000866  0.510083  0.547342   0.936311            
0.503520  0.999658  0.000346  0.489799  0.897434   0.716703            
0.515888  0.999261  0.001480  0.493107  0.117047   0.532168            
0.509473  0.999658  0.000346  0.497878  0.179330   0.515414            
0.499276  0.999261  0.000085  0.504403  0.615858   0.730776            
0.501291  0.999658  0.001059  0.503585  0.404105   0.805328            
0.512986  0.999991  0.001862  0.512797  0.073900   0.193589            
0.491022  0.999580  0.002062  0.514863  0.378051   0.220567            
0.510868  0.997540  0.000519  0.505836  0.041690   0.098477            
0.505106  0.999273  0.001059  0.502450  0.906923   0.683143            
0.502307  0.999930  0.001617  0.505993  0.455453   0.685186            
0.505429  0.999835  0.001689  0.514091  0.797962   0.360382            
0.509664  0.997413  0.001689  0.487624  0.254306   0.034996            
0.507355  0.999991  0.002738  0.504046  0.864443   0.668360            
0.491992  0.998693  0.001394  0.500148  0.118878   0.287746            
0.503700  0.998854  0.001693  0.492335  0.532334   0.243200            
0.495281  0.999020  0.000519  0.488407  0.348908   0.085555            
0.493543  0.998693  0.001689  0.502378  0.929615   0.046673            
0.497486  0.998692  0.001689  0.503086  0.315096   0.618774            
0.517176  0.998693  0.000346  0.501294  0.779611   0.585012            
0.494102  0.999873  0.001498  0.505110  0.748653   0.111945            
0.496504  0.999835  0.001328  0.514853  0.163617   0.325615            
0.490075  0.999614  0.002692  0.501177  0.407879   0.822776            
0.514420  0.999991  0.002216  0.514535  0.876826   0.760876            
0.511241  0.999580  0.000346  0.505456  0.914093   0.423705            
0.496267  0.999930  0.000085  0.515201  0.374809   0.625079            
0.499459  0.999261  0.000866  0.483402  0.938367   0.726231            
0.500155  0.999930  0.000519  0.508477  0.151538   0.159438            
0.478004  0.998618  0.000866  0.513245  0.929785   0.590284            
0.515231  0.999489  0.001059  0.509160  0.598758   0.555267            
0.489797  0.998618  0.000866  0.498263  0.822119   0.179713            
0.495690  0.999873  0.000085  0.494427  0.395990   0.444052            
0.502361  0.999930  0.001328  0.503382  0.629233   0.678306            
0.497173  0.999930  0.000978  0.505663  0.620413   0.964219            
0.501713  0.999873  0.000866  0.506044  0.767718   0.423939            
0.497004  0.998693  0.000346  0.499391  0.104501   0.661514            
0.505053  0.999991  0.001533  0.494098  0.520613   0.420787            
0.503256  0.999261  0.000346  0.501458  0.106594   0.876606            
0.505552  0.999930  0.001059  0.487448  0.503642   0.271106            
0.504194  0.999580  0.000978  0.487337  0.295087   0.123856            
0.500394  0.999991  0.001394  0.491856  0.625210   0.323884            
0.494631  0.997166  0.001617  0.508853  0.761322   0.867390            
0.514309  0.999273  0.000866  0.489541  0.557135   0.466981            
0.503897  0.999991  0.001328  0.517206  0.517007   0.676572            
0.488926  0.999991  0.000085  0.493262  0.303166   0.447919            
0.497920  0.999489  0.000085  0.471737  0.991775   0.569048            
0.506891  0.999658  0.001849  0.494411  0.671333   0.616994            
0.504987  0.999835  0.000978  0.486053  0.107006   0.635719            
0.499854  0.997612  0.001880  0.496942  0.154205   0.858258            
0.500036  0.997166  0.001394  0.498716  0.596445   0.889094            
0.495824  0.998693  0.002171  0.499732  0.181874   0.394902            
0.503143  0.998275  0.001328  0.497397  0.038435   0.100647            
0.493843  0.999580  0.000085  0.473525  0.799312   0.936829            
0.517678  0.999991  0.001059  0.498495  0.271838   0.050648            
0.490397  0.999273  0.000519  0.495145  0.189666   0.731110            
0.490097  0.999273  0.000866  0.506025  0.156984   0.705781            
0.498547  0.999261  0.001862  0.501455  0.054727   0.005368            
0.504121  0.999991  0.000978  0.514506  0.537949   0.469227            
0.520582  0.998297  0.001498  0.498808  0.458350   0.307584            
0.504365  0.999991  0.001480  0.493799  0.760268   0.181203            
0.505108  0.999020  0.000866  0.496770  0.751587   0.874308            
0.511995  0.999580  0.002738  0.505213  0.453951   0.574198            
0.512463  0.999873  0.001394  0.503586  0.398857   0.254708            
0.509094  0.999614  0.001440  0.508842  0.904834   0.299326            
0.508573  0.999835  0.002171  0.493242  0.260193   0.632567            
0.487730  0.999991  0.001693  0.491483  0.580836   0.724810            
0.509135  0.999835  0.000346  0.503590  0.174815   0.922442            
0.501703  0.999835  0.000085  0.485733  0.055280   0.490936            
0.511571  0.999261  0.000085  0.498561  0.416970   0.397801            
0.488699  0.998558  0.000346  0.509001  0.890077   0.717225            
0.492237  0.999873  0.000866  0.517673  0.064821   0.027825            
0.505839  0.999991  0.001480  0.489811  0.592045   0.162696            
0.517032  0.999658  0.001394  0.490863  0.505615   0.687845            
0.502136  0.999991  0.000346  0.501652  0.053589   0.809684            
0.507769  0.999930  0.001689  0.491037  0.760089   0.769898            
0.506753  0.999489  0.001059  0.504837  0.047353   0.249223            
0.497948  0.996306  0.000978  0.515589  0.511196   0.391616            
0.503854  0.999991  0.000519  0.500448  0.271365   0.680591            
0.476943  0.999614  0.000085  0.491414  0.700916   0.587155            
0.495003  0.999658  0.001394  0.520527  0.099188   0.374856            
0.502918  0.999614  0.001059  0.494254  0.173612   0.290826            
0.510233  0.998198  0.002062  0.494757  0.874922   0.887909            
0.495372  0.998854  0.000085  0.514290  0.614822   0.256078            
0.486392  0.999835  0.002171  0.510347  0.482715   0.187519            
0.510936  0.999991  0.000866  0.511396  0.634301   0.280689            
0.486675  0.999614  0.002738  0.489732  0.453451   0.236770            
0.501939  0.999991  0.000866  0.491902  0.497144   0.764927            
0.505423  0.999020  0.002216  0.498876  0.182085   0.155772            
0.501292  0.999991  0.001328  0.503695  0.053338   0.461619            
0.511911  0.998854  0.000346  0.494912  0.229384   0.220023            
0.512596  0.999614  0.000978  0.501374  0.724078   0.954021            
0.520211  0.999873  0.000519  0.491433  0.660944   0.981202            
0.492644  0.999658  0.001480  0.493487  0.322835   0.240466            
0.503884  0.999835  0.001328  0.516611  0.979776   0.803199            
0.512232  0.998623  0.001498  0.507582  0.688389   0.617862            
0.503655  0.999658  0.001440  0.487215  0.949455   0.770392            
0.477325  0.999658  0.000085  0.513926  0.149226   0.179208            
0.501719  0.999273  0.000085  0.504580  0.519578   0.609697            
0.516625  0.998433  0.002738  0.500723  0.052820   0.464612            
0.502425  0.999991  0.001849  0.502352  0.386322   0.378056            
0.486727  0.999165  0.001059  0.506561  0.992398   0.716419            
0.498105  0.999930  0.001328  0.523405  0.302909   0.404377            
0.509219  0.997413  0.000519  0.492010  0.955228   0.243721            
0.486681  0.999991  0.001498  0.510397  0.127005   0.223546            
0.487272  0.998618  0.001862  0.499400  0.444729   0.134961            
0.492167  0.999020  0.000085  0.500480  0.845737   0.224327            
0.514066  0.999835  0.000866  0.505567  0.670479   0.259176            
0.504088  0.999273  0.001862  0.518205  0.918827   0.241423            
0.512275  0.998692  0.001440  0.496029  0.993180   0.859753            
0.498951  0.999261  0.001849  0.514344  0.263531   0.861044            
0.493376  0.998693  0.001440  0.514447  0.476166   0.452997            
0.500302  0.998297  0.001693  0.511386  0.091627   0.858290            
0.494432  0.999658  0.001328  0.494459  0.297546   0.437845            
0.498367  0.998692  0.000346  0.487443  0.321772   0.243073            
0.503681  0.999835  0.001059  0.490539  0.875744   0.694500            
0.510687  0.999273  0.003212  0.507742  0.248141   0.226863            
0.500363  0.998558  0.001328  0.520911  0.838997   0.367396            
0.518677  0.999835  0.001480  0.498867  0.533329   0.012055            
0.496250  0.999489  0.000085  0.506536  0.480933   0.540458            
0.519192  0.999835  0.006340  0.503504  0.413724   0.869822            
0.508629  0.999165  0.000866  0.526019  0.857913   0.594473            
0.501257  0.999835  0.001689  0.510226  0.327710   0.979728            
0.505535  0.999873  0.000346  0.501402  0.508462   0.180908            
0.497860  0.999991  0.000346  0.491276  0.451168   0.350937            
0.490253  0.999991  0.000978  0.504026  0.497931   0.526911            
0.512823  0.999614  0.001862  0.510890  0.999503   0.243671            
0.489800  0.999273  0.001394  0.491247  0.973476   0.077554            
0.509249  0.999580  0.001480  0.512028  0.167328   0.438174            
0.497062  0.998692  0.000085  0.490515  0.105311   0.405590            
0.484976  0.999489  0.001480  0.513913  0.834474   0.781898            
0.487329  0.999489  0.001498  0.504039  0.087208   0.700203            
0.483455  0.999489  0.000085  0.494617  0.025019   0.814420            
0.518762  0.999930  0.000346  0.509295  0.479500   0.891183            
0.489092  0.999873  0.001498  0.509567  0.404901   0.842935            
0.503477  0.999991  0.003193  0.511595  0.533309   0.883636            
0.507333  0.999873  0.003830  0.484920  0.851395   0.433163            
0.516504  0.997542  0.000519  0.507638  0.714433   0.246312            
0.498746  0.999991  0.004982  0.488685  0.350714   0.125821            
0.488550  0.999165  0.001328  0.484831  0.475618   0.577672            
0.502273  0.998693  0.000346  0.497762  0.749099   0.504388            
0.480334  0.999835  0.001328  0.513273  0.602957   0.319166            
0.499143  0.998692  0.002062  0.495263  0.282705   0.086701            
0.498680  0.999873  0.001533  0.496161  0.665786   0.464592            
0.507531  0.998854  0.000085  0.516626  0.718794   0.873556            
0.504355  0.999165  0.000085  0.495751  0.872608   0.273508            
0.502764  0.998623  0.001689  0.501107  0.749970   0.848880            
0.499250  0.999020  0.001328  0.500282  0.982550   0.474324            
0.500440  0.999873  0.000085  0.499806  0.531281   0.355483            
0.503646  0.999273  0.003526  0.497976  0.811119   0.068609            
0.492861  0.999930  0.005313  0.494654  0.810897   0.229533            
0.508744  0.999165  0.001440  0.496284  0.586602   0.647591            
0.504565  0.999261  0.000085  0.504741  0.028337   0.558899            
0.492619  0.999873  0.000085  0.501096  0.326323   0.526630            
0.503246  0.999580  0.000085  0.505439  0.306378   0.866351            
0.512156  0.998854  0.002829  0.486542  0.544476   0.680484            
0.492905  0.997604  0.001880  0.522093  0.636134   0.818609            
0.507565  0.999020  0.003093  0.489918  0.368709   0.165951            
0.497683  0.999991  0.001533  0.480740  0.222119   0.170172            
0.502418  0.998854  0.001617  0.497525  0.998449   0.278765            
0.492187  0.998854  0.000346  0.499233  0.853278   0.942366            
0.487129  0.999614  0.001059  0.499326  0.635641   0.553623            
0.509230  0.999614  0.002171  0.505370  0.142485   0.515814            
0.492616  0.996463  0.000519  0.513058  0.439638   0.858430            
0.498560  0.998479  0.001498  0.521111  0.023894   0.166349            
0.493908  0.997634  0.000866  0.492422  0.147127   0.392154            
0.502555  0.999873  0.001533  0.499583  0.032485   0.110802            
0.493315  0.999614  0.000978  0.510239  0.565788   0.808158            
0.515761  0.997542  0.001440  0.504071  0.120229   0.637956            
0.499411  0.999873  0.001849  0.504366  0.542040   0.873056            
0.486763  0.999835  0.004454  0.503496  0.887654   0.431612            
0.508871  0.999991  0.001480  0.502832  0.877012   0.881552            
0.493076  0.998693  0.000346  0.491152  0.043190   0.240559            
0.508261  0.999261  0.001617  0.504787  0.366702   0.112057            
0.505822  0.997781  0.000866  0.504780  0.749114   0.866324            
0.502462  0.998692  0.001480  0.508911  0.121862   0.765741            
0.501652  0.999873  0.000978  0.510310  0.575663   0.891013            
0.496588  0.999835  0.003093  0.499464  0.471858   0.522397            
0.504454  0.997190  0.000519  0.497874  0.576745   0.047096            
0.504631  0.998623  0.000519  0.495254  0.097087   0.159700            
0.481334  0.999873  0.000346  0.515133  0.476277   0.417293            
0.502765  0.999580  0.000978  0.482963  0.056983   0.117434            
0.502848  0.997781  0.000978  0.519753  0.820673   0.062314            
0.506576  0.997612  0.001693  0.501381  0.243520   0.503693            
0.498917  0.999930  0.001689  0.499415  0.599937   0.241972            
0.503752  0.998433  0.002216  0.487180  0.694191   0.225803            
0.497495  0.999930  0.001480  0.498254  0.902653   0.128445            
0.503283  0.999580  0.000978  0.502683  0.371137   0.183119            
0.502961  0.999658  0.000085  0.514277  0.384936   0.651340            
0.519909  0.999991  0.001498  0.519073  0.801694   0.602189            
0.498695  0.999489  0.002738  0.508112  0.132137   0.525077            
0.508283  0.998433  0.000978  0.509531  0.716278   0.913081            
0.499496  0.999261  0.001440  0.496563  0.106322   0.890058            
0.479185  0.998479  0.000866  0.504548  0.907100   0.105068            
0.495865  0.999273  0.001862  0.512760  0.345505   0.220793            
0.496125  0.997158  0.002692  0.510265  0.097002   0.855742            
0.503674  0.999580  0.000085  0.509750  0.898474   0.202745            
0.500852  0.999930  0.000085  0.493213  0.977861   0.676857            
0.495835  0.999930  0.002166  0.508410  0.703769   0.167839            
0.506627  0.999261  0.000519  0.510215  0.192100   0.171846            
0.515624  0.999261  0.001480  0.498498  0.738112   0.774651            
0.503251  0.995638  0.000085  0.494649  0.861190   0.482422            
0.497293  0.999489  0.001328  0.514735  0.055245   0.498662            
0.494679  0.999489  0.001328  0.504375  0.077087   0.924508            
0.502326  0.998275  0.001693  0.480778  0.981322   0.042151            
0.502512  0.999873  0.001533  0.523247  0.150307   0.996083            
0.487071  0.997544  0.000978  0.502721  0.696331   0.531028            
0.514933  0.998198  0.001394  0.495689  0.679616   0.164792            
0.496212  0.994310  0.001498  0.506757  0.600197   0.770684            
0.495780  0.999165  0.001059  0.499626  0.517683   0.761136            
0.490880  0.998623  0.001498  0.483949  0.870271   0.035557            
0.493013  0.999873  0.000866  0.482225  0.927825   0.088454            
0.504228  0.999261  0.001328  0.487627  0.280594   0.390340            
0.495714  0.999873  0.000085  0.491477  0.447790   0.067230            
0.494120  0.999835  0.001498  0.506478  0.470871   0.293215            
0.500962  0.999261  0.001440  0.502881  0.058067   0.576122            
0.492001  0.999273  0.000866  0.491885  0.732459   0.301488            
0.508435  0.999165  0.001480  0.485698  0.209463   0.296747            
0.506640  0.999658  0.000346  0.502541  0.158634   0.108154            
0.509478  0.999273  0.000346  0.500393  0.253200   0.758698            
0.499367  0.999873  0.001328  0.487312  0.885143   0.396166            
0.507726  0.999835  0.002171  0.500886  0.443013   0.298887            
0.492048  0.999273  0.001059  0.511091  0.609801   0.053778            
0.508303  0.999614  0.002329  0.508080  0.696820   0.068600            
0.492665  0.999580  0.000346  0.516032  0.990555   0.515364            
0.508518  0.999658  0.000519  0.501697  0.888012   0.622733            
0.505331  0.999930  0.000085  0.499136  0.438672   0.166115            
0.502803  0.999489  0.000085  0.499470  0.916896   0.950115            
0.484431  0.997634  0.004079  0.504831  0.912216   0.966978            
0.496298  0.999930  0.001480  0.503583  0.299338   0.034180            
0.502324  0.999273  0.002692  0.511081  0.343837   0.151895            
0.502605  0.999930  0.000866  0.502863  0.936730   0.172813            
0.492689  0.998854  0.000519  0.514912  0.019078   0.340178            
0.510984  0.999835  0.001059  0.514426  0.291295   0.088004            
0.481549  0.999991  0.001617  0.519397  0.439601   0.051976            
0.508584  0.999930  0.001480  0.506120  0.105143   0.636600            
0.500441  0.999835  0.001480  0.512441  0.326135   0.619113            
0.513066  0.999580  0.000085  0.505555  0.379457   0.453841            
0.497326  0.999614  0.001533  0.497317  0.180992   0.865452            
0.504225  0.998297  0.002829  0.499560  0.802148   0.774006            
0.490387  0.999614  0.000519  0.529925  0.627240   0.555874            
0.500931  0.999273  0.000085  0.505284  0.384486   0.697824            
0.501389  0.999020  0.000346  0.489917  0.765268   0.311925            
0.493991  0.999658  0.003830  0.496885  0.130388   0.096802            
0.495747  0.999614  0.003526  0.489055  0.257481   0.976575            
0.490495  0.997781  0.001328  0.510059  0.335439   0.350263            
0.497501  0.998623  0.001328  0.506835  0.068000   0.427511            
0.503596  0.998854  0.000519  0.489173  0.660990   0.759495            
0.510848  0.999261  0.001059  0.493422  0.980997   0.371305            
0.514948  0.999873  0.000085  0.484289  0.399763   0.526818            
0.499257  0.997439  0.004420  0.497207  0.118198   0.200645            
0.500235  0.999261  0.004238  0.480674  0.051019   0.822689            
0.506101  0.999273  0.002216  0.493041  0.718213   0.702747            
0.511309  0.999930  0.000978  0.489673  0.563378   0.990750            
0.492027  0.999930  0.001480  0.495485  0.330129   0.469566            
0.495590  0.999020  0.000978  0.490590  0.889861   0.635507            
0.498008  0.999873  0.000866  0.493976  0.922011   0.506410            
0.502111  0.999991  0.001440  0.511937  0.604451   0.924368            
0.503103  0.999489  0.002829  0.500365  0.262948   0.090136            
0.502659  0.999835  0.001394  0.501726  0.237443   0.470156            
0.500958  0.999489  0.001880  0.480125  0.293567   0.909358            
0.506218  0.999580  0.001617  0.500797  0.717380   0.616003            
0.490267  0.999658  0.000978  0.504766  0.311160   0.720148            
0.493154  0.999658  0.001059  0.487467  0.491619   0.914161            
0.510705  0.999614  0.000085  0.502204  0.547193   0.176241            
0.501407  0.998558  0.001480  0.516252  0.576172   0.026679            
0.507193  0.997781  0.001440  0.491726  0.475866   0.507886            
0.484813  0.999261  0.000346  0.493564  0.401211   0.931013            
0.499475  0.999873  0.000519  0.509137  0.998818   0.573640            
0.490550  0.999991  0.000085  0.503509  0.863009   0.556826            
0.506296  0.999930  0.000978  0.484862  0.783699   0.425771            
0.491496  0.999930  0.001689  0.508736  0.136410   0.007097            
0.502522  0.999614  0.000346  0.502185  0.983088   0.654780            
0.505382  0.999930  0.000085  0.506074  0.779411   0.342775            
0.498686  0.999930  0.000346  0.495137  0.740436   0.659937            
0.498222  0.999991  0.001394  0.482552  0.043805   0.021161            
0.509363  0.999020  0.001533  0.507451  0.340014   0.870249            
0.498119  0.998433  0.001328  0.488776  0.696729   0.704285            
0.499176  0.999835  0.001394  0.493180  0.737308   0.576299            
0.499054  0.999020  0.000085  0.500465  0.112852   0.494847            
0.492970  0.999991  0.000519  0.499072  0.515359   0.333283            
0.495211  0.999930  0.000346  0.521878  0.263320   0.688930            
0.500372  0.999835  0.002166  0.521656  0.231927   0.441504            
0.494797  0.997428  0.001498  0.504191  0.706378   0.395606            
0.490832  0.998479  0.000519  0.488822  0.581811   0.773867            
0.514197  0.998692  0.001440  0.501745  0.661470   0.476310            
0.508138  0.999991  0.000085  0.499101  0.666453   0.638193            
0.495604  0.998623  0.000346  0.512429  0.611280   0.054348            
0.494014  0.999273  0.000866  0.495677  0.741262   0.904827            
0.505241  0.999930  0.000519  0.510951  0.492785   0.918589            
0.510662  0.998618  0.000346  0.492749  0.897986   0.969342            
0.494220  0.999991  0.002062  0.499607  0.180144   0.333365            
0.505817  0.999489  0.000519  0.505297  0.932927   0.276935            
0.500548  0.999991  0.004454  0.491877  0.387464   0.456460            
0.499917  0.997612  0.001498  0.504636  0.120018   0.000477            
0.507625  0.999991  0.001498  0.494549  0.402380   0.319531            
0.514719  0.997612  0.000346  0.489728  0.781045   0.100657            
0.504791  0.999991  0.002692  0.518090  0.177095   0.697708            
0.504670  0.998558  0.000085  0.504692  0.971274   0.794349            
0.504027  0.999580  0.002738  0.505325  0.132987   0.009976            
0.493376  0.999991  0.002216  0.478829  0.525641   0.349116            
0.500520  0.999991  0.001394  0.506411  0.240833   0.397874            
0.507223  0.998297  0.001693  0.523425  0.345983   0.879708            
0.489206  0.999020  0.002329  0.484430  0.669570   0.707029            
0.506276  0.999614  0.001617  0.503392  0.923708   0.683497            
0.487665  0.999614  0.001617  0.494505  0.157199   0.466199            
0.499018  0.999991  0.001059  0.513802  0.637140   0.608691            
0.505452  0.999991  0.000085  0.482521  0.112803   0.031567            
0.493037  0.997565  0.000866  0.502473  0.209040   0.462441            
0.487259  0.999261  0.002171  0.507520  0.823413   0.119645            
0.500381  0.999261  0.000866  0.496984  0.844991   0.619003            
0.499863  0.999658  0.000978  0.506177  0.495236   0.775068            
0.493682  0.998618  0.000085  0.493214  0.499039   0.351311            
0.508582  0.999930  0.000519  0.504144  0.868938   0.973801            
0.514884  0.998693  0.002738  0.481117  0.804778   0.534925            
0.489828  0.998275  0.002329  0.511260  0.092846   0.760982            
0.489483  0.999658  0.001693  0.494792  0.656128   0.908791            
0.497035  0.999991  0.001328  0.485590  0.237325   0.830371            
0.510817  0.997634  0.001533  0.482457  0.158730   0.137125            
0.494664  0.999991  0.000978  0.502119  0.588339   0.638771            
0.500186  0.998297  0.001440  0.507710  0.295061   0.747453            
0.502318  0.999930  0.000085  0.516188  0.157366   0.261290            
0.497302  0.999020  0.001328  0.525174  0.995067   0.488076            
0.497475  0.999873  0.001617  0.502287  0.937117   0.268479            
0.505832  0.998558  0.000085  0.498900  0.082776   0.029351            
0.486288  0.997612  0.000866  0.498367  0.196974   0.678612            
0.501305  0.999580  0.000346  0.502304  0.020249   0.364975            
0.504097  0.998479  0.001880  0.500768  0.561975   0.545582            
0.506693  0.999580  0.003212  0.518967  0.929203   0.074134            
0.507546  0.999658  0.001328  0.486139  0.261269   0.852756            
0.500660  0.999273  0.001689  0.496015  0.359031   0.276265            
0.514425  0.999261  0.001693  0.489288  0.188154   0.567048            
0.496807  0.998297  0.001394  0.517831  0.069975   0.876565            
0.507041  0.999261  0.000085  0.509768  0.309814   0.778247            
0.492051  0.999273  0.001862  0.507818  0.821830   0.551957            
0.500300  0.999991  0.000085  0.505710  0.605068   0.304546            
0.500506  0.999261  0.004640  0.502749  0.455026   0.231673            
0.486181  0.999658  0.002171  0.504866  0.729261   0.904664            
0.509998  0.999273  0.000085  0.502784  0.956748   0.758724            
0.492475  0.999261  0.000346  0.500863  0.290996   0.282968            
0.496212  0.999273  0.004079  0.482876  0.809543   0.174267            
0.493978  0.999930  0.001617  0.495929  0.005492   0.397765            
0.499141  0.998479  0.000085  0.487326  0.145003   0.007889            
0.508469  0.999489  0.001849  0.485851  0.965393   0.083101            
0.490257  0.999835  0.001440  0.498022  0.550874   0.118151            
0.515282  0.999580  0.000866  0.517827  0.925504   0.706302            
0.512329  0.999580  0.001617  0.496598  0.243925   0.847807            
0.507546  0.999165  0.001689  0.506071  0.277345   0.106269            
0.501465  0.999930  0.000085  0.511098  0.623236   0.972742            
0.501425  0.998618  0.001059  0.491396  0.516454   0.176104            
0.507988  0.999614  0.001328  0.506679  0.516609   0.413765            
0.499570  0.998854  0.000346  0.513901  0.214536   0.919834            
0.516075  0.995818  0.000085  0.492033  0.353052   0.052152            
0.498318  0.999165  0.001059  0.503448  0.659271   0.310700            
0.512213  0.999873  0.000978  0.488525  0.125791   0.769859            
0.506077  0.999930  0.000519  0.504288  0.872721   0.659098            
0.498912  0.998692  0.002216  0.504346  0.608347   0.117348            
0.492497  0.999991  0.001617  0.497137  0.494750   0.578448            
0.489063  0.999991  0.000519  0.498411  0.993863   0.871127            
0.505832  0.999873  0.001617  0.501002  0.786817   0.883799            
0.498603  0.999489  0.001328  0.499072  0.661432   0.287753            
0.507678  0.999835  0.001498  0.507998  0.123497   0.455462            
0.507446  0.999273  0.000866  0.511899  0.647658   0.039047            
0.512222  0.999658  0.000519  0.507799  0.388164   0.683779            
0.519879  0.999991  0.001059  0.513606  0.809770   0.851006            
0.502576  0.998270  0.000346  0.481573  0.933546   0.837579            
0.496589  0.999835  0.000866  0.515547  0.223641   0.613628            
0.489019  0.999580  0.001533  0.494717  0.814793   0.209846            
0.519590  0.999020  0.000519  0.499409  0.830793   0.285108            
0.491334  0.999658  0.000866  0.514914  0.635512   0.211150            
0.512296  0.997781  0.001849  0.494518  0.514028   0.720792            
0.511148  0.999165  0.001689  0.493456  0.202226   0.881101            
0.491949  0.999873  0.000866  0.499981  0.945334   0.137366            
0.498997  0.998275  0.001480  0.512841  0.856766   0.555103            
0.511555  0.999835  0.000346  0.498194  0.616627   0.785865            
0.495063  0.999580  0.000346  0.511753  0.305233   0.732857            
0.506064  0.999273  0.001498  0.503357  0.667604   0.605142            
0.507018  0.997781  0.000346  0.517762  0.283627   0.206302            
0.497500  0.999835  0.000519  0.511431  0.196761   0.880923            
0.504257  0.999658  0.000085  0.505588  0.808501   0.276245            
0.499651  0.998275  0.000978  0.514920  0.888404   0.164673            
0.508050  0.999489  0.003830  0.512076  0.220380   0.716676            
0.495948  0.999873  0.001059  0.500365  0.662517   0.318923            
0.497884  0.999835  0.000085  0.492781  0.442918   0.085270            
0.485459  0.999614  0.001328  0.511868  0.571360   0.631677            
0.504155  0.998854  0.001328  0.508009  0.309653   0.084304            
0.500060  0.999930  0.002738  0.495628  0.722333   0.604480            
0.490407  0.999930  0.000085  0.493765  0.859465   0.682240            
0.505300  0.999273  0.000085  0.481476  0.314904   0.601934            
0.489169  0.999489  0.000085  0.513419  0.687958   0.743970            
0.497929  0.999165  0.000866  0.495479  0.857496   0.368285            
0.494410  0.999835  0.002329  0.504922  0.500169   0.057647            
0.498680  0.998270  0.000346  0.491982  0.175116   0.524724            
0.490839  0.999930  0.000519  0.491259  0.522079   0.435311            
0.506966  0.998623  0.000085  0.510456  0.797759   0.980641            
0.499058  0.999580  0.001498  0.493426  0.103028   0.889620            
0.500195  0.999991  0.000519  0.501208  0.993213   0.250709            
0.517030  0.999273  0.001533  0.487499  0.952308   0.863319            
0.511557  0.999873  0.002216  0.505404  0.577425   0.003692            
0.485051  0.998618  0.000085  0.500628  0.312812   0.909681            
0.501349  0.999273  0.002329  0.515473  0.577631   0.596656            
0.500110  0.999580  0.000978  0.513876  0.804070   0.509218            
0.509476  0.999930  0.001059  0.499085  0.967026   0.265868            
0.497085  0.999614  0.000085  0.507117  0.357467   0.906059            
0.495633  0.997634  0.000346  0.496871  0.925048   0.491141            
0.508956  0.999614  0.000346  0.492621  0.865793   0.572544            
0.499041  0.998854  0.000519  0.486502  0.645691   0.376054            
0.505377  0.999991  0.000346  0.492981  0.282334   0.587904            
0.503208  0.999835  0.000866  0.500812  0.769529   0.085726            
0.488773  0.998623  0.004247  0.518593  0.571094   0.442599            
0.512555  0.997190  0.002062  0.493793  0.661351   0.035026            
0.507760  0.999658  0.001689  0.506604  0.738967   0.154373            
0.503083  0.999873  0.001440  0.497201  0.545494   0.169420            
0.506249  0.999614  0.002166  0.501158  0.484331   0.511116            
0.505556  0.999991  0.001480  0.502224  0.765850   0.327014            
0.530981  0.999991  0.001480  0.506906  0.389766   0.758007            
0.503109  0.999165  0.001059  0.492137  0.820485   0.165119            
0.493894  0.999873  0.000866  0.520921  0.389118   0.394341            
0.496023  0.999873  0.003093  0.508853  0.437921   0.591890            
0.503698  0.999489  0.002171  0.513967  0.317631   0.928973            
0.494576  0.998558  0.000866  0.502015  0.719236   0.203371            
0.490795  0.997439  0.001059  0.501755  0.263952   0.506220            
0.490609  0.999930  0.000085  0.513676  0.589609   0.241600            
0.484804  0.999580  0.004454  0.504794  0.867225   0.555608            
0.487068  0.999873  0.000085  0.486871  0.327114   0.492718            
0.512939  0.998275  0.000866  0.498221  0.030427   0.263871            
0.502290  0.999658  0.001617  0.495036  0.333823   0.401422            
0.507099  0.997565  0.001394  0.500430  0.341212   0.074180            
0.504637  0.999489  0.001480  0.527594  0.379583   0.302182            
0.507363  0.999658  0.001480  0.505006  0.864728   0.089104            
0.500147  0.999930  0.001689  0.507852  0.070581   0.119110            
0.490563  0.999658  0.001440  0.482041  0.058303   0.929742            
0.522011  0.998479  0.000346  0.492071  0.048791   0.438432            
0.507825  0.999658  0.000085  0.509062  0.291079   0.907760            
0.508924  0.999991  0.004238  0.505501  0.088088   0.341353            
0.506014  0.999930  0.000519  0.503326  0.228181   0.623634            
0.502428  0.998693  0.001498  0.488965  0.718560   0.105469            
0.494984  0.999273  0.000519  0.498124  0.504196   0.841865            
0.501606  0.999658  0.001617  0.502872  0.673686   0.538026            
0.520511  0.999165  0.001328  0.490893  0.937115   0.244411            
0.485980  0.999873  0.001533  0.504504  0.153902   0.921932            
0.474540  0.999930  0.001440  0.494052  0.602711   0.867572            
0.503524  0.999835  0.000978  0.497073  0.852218   0.346331            
0.493165  0.999930  0.001059  0.507184  0.428975   0.011312            
0.498975  0.999930  0.001617  0.505275  0.030199   0.951230            
0.515968  0.999991  0.001440  0.515316  0.672384   0.697966            
0.509652  0.999489  0.001480  0.505660  0.184854   0.218732            
0.502455  0.998558  0.000346  0.489794  0.405697   0.083257            
0.492334  0.999873  0.000346  0.501023  0.839980   0.429249            
0.502711  0.996371  0.001498  0.497223  0.164809   0.253232            
0.490183  0.999835  0.000346  0.511738  0.034223   0.127150            
0.495905  0.998623  0.000519  0.498645  0.480565   0.734844            
0.508738  0.999930  0.001394  0.519254  0.037699   0.703512            
0.507038  0.996602  0.000866  0.504773  0.913667   0.473832            
0.496232  0.998854  0.000085  0.509542  0.367236   0.206476            
0.490540  0.998618  0.006340  0.502614  0.961267   0.543945            
0.492576  0.997634  0.001328  0.490142  0.024729   0.601475            
0.508354  0.999273  0.000866  0.515012  0.384575   0.752793            
0.497168  0.999873  0.001059  0.494854  0.624150   0.643016            
0.491200  0.999273  0.000866  0.524359  0.805014   0.874465            
0.495032  0.999580  0.001533  0.500330  0.497450   0.302128            
0.501399  0.999991  0.001617  0.493156  0.772189   0.456892            
0.498054  0.999614  0.000346  0.492055  0.881576   0.423807            
0.507655  0.999273  0.000519  0.498563  0.529544   0.199596            
0.493352  0.999489  0.000866  0.485589  0.839306   0.699858            
0.493758  0.999273  0.001498  0.501151  0.245142   0.534423            
0.497693  0.999991  0.001059  0.495904  0.300830   0.282934            
0.493851  0.998558  0.001328  0.503876  0.233353   0.997160            
0.503079  0.999873  0.000085  0.497940  0.209660   0.292295            
0.502361  0.999580  0.000519  0.481010  0.167711   0.367150            
0.498962  0.999930  0.001533  0.482763  0.273769   0.113020            
0.495784  0.998693  0.000866  0.506813  0.818479   0.882675            
0.502924  0.998479  0.001480  0.487124  0.107923   0.766851            
0.509657  0.999580  0.001328  0.510191  0.611820   0.562354            
0.505488  0.999261  0.000346  0.479421  0.290794   0.214481            
0.488513  0.997133  0.000085  0.496809  0.548987   0.522063            
0.522671  0.997428  0.001059  0.501844  0.272253   0.865426            
0.505734  0.999273  0.001394  0.515447  0.673373   0.456028            
0.498049  0.999614  0.001059  0.489667  0.151688   0.795640            
0.486366  0.999614  0.000085  0.492660  0.782070   0.918299            
0.505061  0.999614  0.000346  0.494651  0.653276   0.195687            
0.510750  0.997544  0.000866  0.508662  0.802453   0.688521            
0.493685  0.999020  0.000085  0.510553  0.981506   0.076206            
0.521576  0.999261  0.000519  0.496717  0.980867   0.591186            
0.492343  0.998297  0.000978  0.520825  0.923410   0.045653            
0.511691  0.999273  0.001059  0.484389  0.368338   0.476741            
0.500991  0.998854  0.000085  0.505587  0.474259   0.967249            
0.517662  0.998854  0.001059  0.497130  0.386814   0.324963            
0.496971  0.999020  0.000519  0.480540  0.770630   0.369149            
0.496496  0.998297  0.004604  0.502837  0.542297   0.189016            
0.498821  0.999658  0.000866  0.504670  0.155614   0.744613            
0.498354  0.999930  0.004521  0.520782  0.159114   0.093766            
0.509796  0.999580  0.002171  0.509370  0.656609   0.140552            
0.497322  0.998854  0.000519  0.486221  0.579177   0.558604            
0.489677  0.999614  0.000346  0.510213  0.830520   0.907168            
0.510783  0.999873  0.002062  0.506108  0.001791   0.623857            
0.503317  0.999165  0.001328  0.493303  0.890522   0.666944            
0.495076  0.998693  0.003526  0.497051  0.735851   0.983873            
0.509403  0.999991  0.000085  0.496677  0.348406   0.976068            
0.502696  0.999165  0.001059  0.499321  0.476593   0.408066            
0.488836  0.999835  0.001498  0.504480  0.199483   0.594186            
0.506141  0.999273  0.000978  0.496314  0.295646   0.981552            
0.493579  0.999614  0.000866  0.500199  0.669759   0.345012            
0.504218  0.999261  0.001328  0.500988  0.159956   0.587657            
0.505377  0.999835  0.000519  0.505693  0.285092   0.511084            
0.518807  0.999489  0.000346  0.495480  0.311118   0.734171            
0.501562  0.999930  0.000978  0.510271  0.744873   0.367661            
0.505823  0.999873  0.001498  0.495541  0.887190   0.126593            
0.490458  0.998854  0.000346  0.499960  0.929799   0.523686            
0.483719  0.997190  0.001059  0.504575  0.603306   0.851151            
0.514164  0.997604  0.000085  0.511156  0.885922   0.083125            
0.502738  0.999991  0.000085  0.493323  0.968052   0.129719            
0.504707  0.999261  0.001533  0.511484  0.651115   0.905611            
0.516990  0.999658  0.000519  0.511396  0.483290   0.678490            
0.517817  0.997544  0.000085  0.517165  0.885628   0.891619            
0.505380  0.998692  0.000978  0.503197  0.324932   0.751148            
0.509841  0.999165  0.000519  0.494372  0.894635   0.791266            
0.501388  0.999991  0.001689  0.503863  0.888249   0.740738            
0.503545  0.999261  0.000519  0.486173  0.915533   0.900496            
0.511379  0.999580  0.001533  0.496792  0.356357   0.361800            
0.506945  0.997428  0.002216  0.503338  0.672976   0.706117            
0.504063  0.998854  0.001394  0.496269  0.902310   0.085960            
0.499914  0.999991  0.001480  0.485506  0.631561   0.635575            
0.502642  0.999614  0.000085  0.520319  0.868419   0.812954            
0.475228  0.998558  0.003212  0.501105  0.904010   0.226431            
0.496341  0.998623  0.002062  0.508497  0.919371   0.490101            
0.509242  0.999991  0.002216  0.512528  0.769393   0.793194            
0.493953  0.998433  0.001480  0.495388  0.553038   0.860955            
0.499739  0.999991  0.001533  0.513482  0.699025   0.808697            
0.491832  0.999020  0.001440  0.489446  0.728653   0.927033            
0.502214  0.999165  0.001440  0.502563  0.357981   0.810770            
0.490511  0.999614  0.001689  0.516939  0.873592   0.440199            
0.489001  0.997428  0.000978  0.492825  0.076768   0.012924            
0.507959  0.999614  0.000866  0.510081  0.746693   0.969466            
0.495344  0.999273  0.000519  0.510524  0.198724   0.136289            
0.501616  0.998297  0.003193  0.496122  0.153365   0.600013            
0.500921  0.999991  0.001394  0.506365  0.398321   0.645627            
0.496980  0.999489  0.004521  0.493479  0.957498   0.300729            
0.511251  0.997542  0.001849  0.497016  0.249551   0.720469            
0.502928  0.999835  0.000346  0.506055  0.475564   0.975464            
0.502875  0.999261  0.000866  0.505350  0.918372   0.457643            
0.492208  0.999930  0.000085  0.505290  0.246833   0.805789            
0.512643  0.999930  0.000978  0.503284  0.401030   0.046813            
0.508242  0.999614  0.000346  0.495679  0.439242   0.593093            
0.498944  0.998270  0.001880  0.504696  0.784201   0.900528            
0.497260  0.998854  0.001328  0.502814  0.862752   0.491030            
0.510048  0.999658  0.001059  0.497625  0.498462   0.398070            
0.524987  0.999930  0.001059  0.505364  0.101703   0.988007            
0.518482  0.998692  0.000519  0.505844  0.033218   0.236921            
0.512556  0.999489  0.001328  0.500332  0.860779   0.594113            
0.502908  0.998693  0.000085  0.490166  0.857003   0.886784            
0.497285  0.998854  0.000085  0.519848  0.178088   0.911892            
0.505037  0.998693  0.000519  0.507087  0.271928   0.907402            
0.506170  0.999020  0.002171  0.488037  0.712720   0.844593            
0.502070  0.999873  0.000978  0.489042  0.393521   0.898048            
0.501144  0.998854  0.001440  0.508745  0.930823   0.665296            
0.495751  0.999489  0.004418  0.499941  0.368517   0.957588            
0.515980  0.999165  0.001880  0.500502  0.636264   0.035377            
0.496102  0.999873  0.001440  0.499404  0.500956   0.582052            
0.502745  0.999991  0.000519  0.501127  0.805120   0.201796            
0.499819  0.998479  0.004011  0.510603  0.270519   0.073471            
0.476631  0.998297  0.001059  0.501205  0.232303   0.805095            
0.497966  0.998693  0.001498  0.491727  0.253357   0.329180            
0.489284  0.999658  0.001480  0.521066  0.745802   0.131642            
0.499711  0.999991  0.001849  0.497191  0.455324   0.304827            
0.487945  0.999489  0.000519  0.501909  0.009901   0.773595            
0.502556  0.998692  0.001480  0.494704  0.528048   0.923200            
0.508902  0.999165  0.000978  0.501101  0.556048   0.435278            
0.510764  0.999165  0.000866  0.519356  0.480118   0.141070            
0.494115  0.999835  0.000346  0.506991  0.992801   0.813866            
0.501353  0.999873  0.000085  0.508054  0.212235   0.288605            
0.498642  0.999614  0.000978  0.516532  0.644713   0.950837            
0.508390  0.999261  0.000346  0.502701  0.795877   0.415674            
0.502545  0.999614  0.000978  0.503728  0.515121   0.930326            
0.494628  0.998693  0.001862  0.492851  0.266357   0.053274            
0.522594  0.998198  0.001498  0.482389  0.083566   0.340743            
0.498180  0.997612  0.003830  0.496237  0.349591   0.845910            
0.520681  0.999580  0.002914  0.497491  0.102492   0.559039            
0.508960  0.999835  0.001328  0.516240  0.604937   0.234508            
0.506208  0.999930  0.000519  0.500430  0.477135   0.217068            
0.499699  0.998854  0.000866  0.498155  0.802257   0.043357            
0.492635  0.999261  0.002329  0.507334  0.143547   0.587057            
0.487446  0.999273  0.003193  0.511812  0.551319   0.598048            
0.494444  0.999991  0.001533  0.495866  0.970547   0.987355            
0.505741  0.999991  0.001480  0.496979  0.642089   0.596623            
0.503874  0.999580  0.001059  0.504391  0.984398   0.430592            
0.493477  0.998692  0.000346  0.501274  0.547424   0.795319            
0.509962  0.999873  0.000519  0.509376  0.590773   0.063866            
0.493119  0.999835  0.000085  0.508016  0.229625   0.909700            
0.493211  0.999873  0.001394  0.511578  0.625297   0.437553            
0.502026  0.999835  0.000866  0.515559  0.739371   0.936727            
0.494292  0.998433  0.000085  0.500277  0.409605   0.232969            
0.505855  0.999873  0.000346  0.491055  0.456584   0.211949            
0.501451  0.999873  0.000085  0.523198  0.712463   0.559423            
0.498733  0.999658  0.000978  0.491096  0.808835   0.926264            
0.520870  0.999873  0.000085  0.504431  0.971981   0.174915            
0.513176  0.998297  0.001059  0.489569  0.825933   0.084579            
0.511710  0.998297  0.004238  0.502069  0.162528   0.349905            
0.498620  0.999489  0.001617  0.486146  0.898872   0.091653            
0.503943  0.999580  0.001440  0.519965  0.650063   0.149698            
0.486970  0.999614  0.001394  0.506677  0.065303   0.081331            
0.508570  0.999991  0.001533  0.502203  0.009361   0.846781            
0.496871  0.997544  0.000978  0.493209  0.606187   0.020214            
0.498438  0.999273  0.000346  0.496264  0.087335   0.455185            
0.504011  0.998692  0.002216  0.504195  0.168295   0.248505            
0.503415  0.999580  0.000519  0.507642  0.378931   0.023339            
0.494118  0.997634  0.000085  0.509469  0.329459   0.525097            
0.523168  0.999930  0.000519  0.502547  0.549604   0.322131            
0.506469  0.999835  0.000346  0.504425  0.190428   0.195094            
0.495586  0.999835  0.004101  0.492687  0.015814   0.846091            
0.513285  0.999658  0.001880  0.479761  0.798959   0.234062            
0.494814  0.999580  0.000866  0.517523  0.002189   0.496287            
0.501393  0.999165  0.001440  0.508295  0.109251   0.293429            
0.514725  0.999930  0.000346  0.498476  0.856322   0.850362            
0.507998  0.999930  0.000085  0.495520  0.957189   0.654113            
0.476770  0.999614  0.000978  0.507799  0.253656   0.796384            
0.500568  0.999930  0.001689  0.513461  0.593758   0.350953            
0.505122  0.999614  0.000866  0.500521  0.713459   0.167182            
0.494776  0.999580  0.000866  0.501122  0.067551   0.978804            
0.524448  0.999930  0.000519  0.516848  0.864661   0.161282            
0.497086  0.999991  0.000085  0.486095  0.872411   0.891296            
0.501992  0.999273  0.000346  0.497489  0.671304   0.275539            
0.492442  0.998618  0.000978  0.505709  0.615352   0.352498            
0.488601  0.999835  0.000866  0.506390  0.438395   0.426322            
0.494241  0.999489  0.000978  0.507357  0.558859   0.093273            
0.512633  0.999930  0.001394  0.526940  0.591383   0.949505            
0.512433  0.999930  0.002171  0.482735  0.814591   0.860613            
0.508841  0.999873  0.000519  0.488947  0.489087   0.176472            
0.498693  0.999614  0.000085  0.504090  0.515206   0.505818            
0.493241  0.999873  0.001059  0.492014  0.610681   0.354985            
0.513235  0.999873  0.001328  0.498770  0.993882   0.689176            
