SampleAVG SampleMax SampleMin NoisyAVG  PureRandom BoundedRandom       
0.511121  0.998918  0.000186  0.502892  0.088896   0.305046            
0.490811  0.999758  0.001677  0.493715  0.724180   0.796435            
0.481405  0.998918  0.000186  0.484194  0.400229   0.996238            
0.490830  0.999972  0.001990  0.488977  0.209734   0.350052            
0.493387  0.998507  0.000775  0.514514  0.487059   0.199724            
0.502617  0.998261  0.001154  0.479273  0.189311   0.684138            
0.493602  0.999972  0.001795  0.490877  0.966251   0.888095            
0.495987  0.997651  0.001682  0.492380  0.398094   0.028608            
0.492033  0.999972  0.001646  0.478568  0.332442   0.494265            
0.489028  0.997712  0.001682  0.492337  0.331197   0.004958            
0.505964  0.998949  0.000186  0.491840  0.259959   0.112810            
0.511104  0.998828  0.001795  0.489286  0.986493   0.862968            
0.488867  0.998949  0.000186  0.496207  0.280939   0.482601            
0.496327  0.999758  0.001854  0.509222  0.566590   0.117106            
0.494935  0.997651  0.001795  0.498207  0.782355   0.652371            
0.501152  0.999971  0.001795  0.494340  0.216164   0.594356            
0.512693  0.998828  0.000947  0.489953  0.583076   0.225673            
0.517418  0.994503  0.001906  0.511165  0.964876   0.700809            
0.505717  0.999972  0.001847  0.493297  0.650849   0.208110            
0.506109  0.998533  0.001646  0.487365  0.518640   0.616382            
0.509522  0.998488  0.001245  0.487160  0.611135   0.820563            
0.500143  0.999971  0.001154  0.516214  0.883868   0.458902            
0.513636  0.998949  0.000947  0.489800  0.278329   0.946132            
0.502151  0.998828  0.001682  0.505701  0.973920   0.626887            
0.496408  0.998488  0.001994  0.489252  0.157585   0.122514            
0.503433  0.999565  0.001795  0.509974  0.133423   0.462311            
0.516376  0.998707  0.001847  0.481200  0.919135   0.059981            
0.502570  0.999972  0.001682  0.512458  0.164223   0.152563            
0.495766  0.999758  0.000947  0.489187  0.838498   0.735447            
0.497138  0.993929  0.001994  0.509022  0.384416   0.908766            
0.495706  0.998020  0.002974  0.497808  0.724403   0.498568            
0.472718  0.999971  0.001682  0.501328  0.549191   0.821006            
0.505620  0.998533  0.000775  0.504484  0.088658   0.885681            
0.487593  0.998533  0.003479  0.504000  0.893375   0.639150            
0.498640  0.998488  0.001906  0.499695  0.271964   0.144787            
0.497976  0.999972  0.002466  0.481858  0.453452   0.339512            
0.497245  0.999971  0.001154  0.495791  0.475315   0.164379            
0.504188  0.998533  0.001677  0.490585  0.185980   0.184105            
0.484761  0.999910  0.001245  0.497573  0.305272   0.166823            
0.499761  0.997651  0.001682  0.493047  0.120486   0.302887            
0.494684  0.998073  0.001707  0.497335  0.381354   0.944893            
0.491398  0.998488  0.001854  0.498224  0.240996   0.379948            
0.495737  0.999910  0.001245  0.495073  0.987344   0.967588            
0.513840  0.999565  0.000947  0.503654  0.672889   0.683377            
0.509048  0.997651  0.002148  0.505264  0.395942   0.091649            
0.520880  0.999910  0.001154  0.498651  0.327788   0.576965            
0.494244  0.999758  0.001707  0.476070  0.384291   0.510368            
0.485753  0.999758  0.002031  0.493550  0.643025   0.028564            
0.497384  0.998261  0.001677  0.489154  0.501098   0.834974            
0.509051  0.998507  0.000186  0.502926  0.570897   0.681415            
0.505204  0.998533  0.001245  0.493895  0.053043   0.501037            
0.493682  0.999972  0.004250  0.488119  0.723403   0.956085            
0.501960  0.999910  0.001847  0.471495  0.857604   0.766734            
0.508193  0.999971  0.000186  0.508974  0.737108   0.366195            
0.492372  0.998261  0.001795  0.496958  0.965961   0.788177            
0.492565  0.998645  0.001707  0.500617  0.871045   0.216255            
0.476311  0.999971  0.001906  0.492353  0.665920   0.128314            
0.496476  0.998918  0.001795  0.490039  0.958501   0.524490            
0.490009  0.998645  0.001154  0.513344  0.346047   0.823402            
0.495756  0.998828  0.000775  0.498050  0.861406   0.620981            
0.489293  0.998479  0.000947  0.502957  0.988450   0.584907            
0.501151  0.998949  0.000186  0.497620  0.835317   0.940923            
0.509664  0.999565  0.000186  0.480630  0.898116   0.667921            
0.507243  0.999971  0.001646  0.496558  0.933614   0.645692            
0.488897  0.999972  0.000947  0.491809  0.336209   0.749039            
0.490341  0.999910  0.002566  0.494991  0.577985   0.883244            
0.495277  0.999971  0.001906  0.504092  0.951815   0.622967            
0.485071  0.999910  0.000947  0.500320  0.130994   0.822321            
0.487864  0.999758  0.001154  0.507417  0.669250   0.804227            
0.496212  0.997288  0.002031  0.495986  0.371446   0.577000            
0.512345  0.998533  0.000775  0.507558  0.478276   0.268463            
0.496948  0.998707  0.000775  0.499014  0.368238   0.219599            
0.507848  0.998707  0.000186  0.490647  0.034050   0.776465            
0.519716  0.998707  0.000186  0.508369  0.056737   0.539446            
0.507618  0.998918  0.001682  0.500669  0.943401   0.742727            
0.497969  0.998918  0.001154  0.484961  0.792273   0.996835            
0.482216  0.998306  0.001707  0.501726  0.174613   0.406444            
0.509629  0.998306  0.006218  0.504211  0.679667   0.544849            
0.485616  0.998488  0.001906  0.503560  0.280076   0.150029            
0.502141  0.997450  0.000947  0.500267  0.142006   0.633232            
0.488821  0.998645  0.000186  0.480803  0.273178   0.300809            
0.503338  0.999971  0.003479  0.493160  0.894759   0.234688            
0.499492  0.996140  0.001795  0.499300  0.648107   0.252519            
0.488716  0.999565  0.001245  0.503933  0.496927   0.827013            
0.505935  0.997356  0.005056  0.486172  0.115210   0.655947            
0.493459  0.999910  0.000186  0.486501  0.350915   0.598234            
0.486962  0.998918  0.001906  0.492304  0.785860   0.479336            
0.487838  0.998073  0.000186  0.487748  0.093034   0.564402            
0.493472  0.997288  0.001795  0.493173  0.447407   0.215532            
0.477180  0.998707  0.002330  0.479935  0.393367   0.881475            
0.510383  0.999910  0.000186  0.503616  0.039458   0.799665            
0.491881  0.999910  0.001707  0.496813  0.440267   0.740227            
0.480960  0.999565  0.001154  0.484202  0.469087   0.818696            
0.491998  0.999971  0.000775  0.499358  0.509732   0.921904            
0.489515  0.998918  0.000775  0.486495  0.906282   0.139853            
0.511140  0.999910  0.001707  0.484453  0.333952   0.240182            
0.492813  0.998488  0.000947  0.493955  0.909517   0.145148            
0.504657  0.998306  0.003939  0.497239  0.821954   0.658404            
0.495213  0.998918  0.001646  0.499804  0.579635   0.981582            
0.506248  0.999971  0.001245  0.492775  0.893878   0.037230            
0.498334  0.998707  0.001682  0.494422  0.365030   0.584085            
0.504269  0.997288  0.001646  0.513139  0.122707   0.994000            
0.491626  0.998949  0.001154  0.507497  0.895837   0.125813            
0.498146  0.999758  0.000775  0.502763  0.878223   0.877610            
0.494098  0.999972  0.002330  0.480600  0.573721   0.689999            
0.497126  0.996533  0.002974  0.497138  0.715704   0.238150            
0.505145  0.999971  0.000775  0.501659  0.760939   0.453596            
0.515759  0.998707  0.000775  0.495498  0.509934   0.424920            
0.503790  0.998707  0.000775  0.495351  0.662956   0.503948            
0.491450  0.999910  0.000775  0.497176  0.391763   0.077275            
0.497254  0.998828  0.000775  0.504905  0.350988   0.621990            
0.492493  0.999565  0.000186  0.493442  0.211496   0.096763            
0.484196  0.995373  0.000947  0.497867  0.712700   0.713480            
0.494238  0.999971  0.001707  0.500221  0.851318   0.916305            
0.508298  0.998261  0.001795  0.493878  0.010952   0.485726            
0.497906  0.999971  0.001154  0.519612  0.041018   0.662096            
0.498464  0.998479  0.001245  0.501527  0.662592   0.466084            
0.493905  0.999565  0.000775  0.491205  0.037405   0.765920            
0.502499  0.999910  0.001682  0.496585  0.919251   0.818148            
0.501998  0.998533  0.001154  0.501253  0.552105   0.059062            
0.496393  0.999565  0.001245  0.499243  0.563009   0.914721            
0.490703  0.999972  0.000775  0.507131  0.470813   0.970665            
0.516543  0.999972  0.000947  0.523949  0.104414   0.047083            
0.478221  0.999758  0.000186  0.508175  0.100149   0.937021            
0.491925  0.998918  0.001707  0.494459  0.297187   0.728631            
0.507543  0.999971  0.002541  0.487669  0.871452   0.432742            
0.499769  0.999565  0.001707  0.495065  0.480076   0.057538            
0.498588  0.999910  0.001707  0.502110  0.152586   0.915617            
0.498877  0.997651  0.002330  0.500652  0.811584   0.409915            
0.498309  0.998949  0.001677  0.503849  0.791186   0.511648            
0.487796  0.998707  0.001847  0.498988  0.257829   0.333303            
0.504189  0.998020  0.003479  0.474991  0.494563   0.413306            
0.512573  0.998507  0.000775  0.486829  0.273908   0.620476            
0.502589  0.995821  0.001990  0.505316  0.723764   0.302802            
0.501569  0.999910  0.000775  0.497483  0.232710   0.196861            
0.492067  0.999972  0.000775  0.501671  0.358193   0.008708            
0.486138  0.995373  0.002330  0.493653  0.310039   0.455920            
0.497629  0.999910  0.001682  0.486490  0.671914   0.171382            
0.499435  0.999972  0.000947  0.499627  0.866432   0.414454            
0.502190  0.999910  0.001677  0.499144  0.348412   0.543975            
0.500019  0.999565  0.002299  0.510997  0.294251   0.695594            
0.489373  0.998918  0.002330  0.514318  0.788368   0.905783            
0.508722  0.999971  0.002566  0.488639  0.328607   0.093726            
0.509157  0.995821  0.001646  0.500525  0.151821   0.938880            
0.495295  0.999971  0.002148  0.506245  0.736980   0.910643            
0.508145  0.998707  0.001906  0.506517  0.938387   0.809254            
0.498015  0.998488  0.001154  0.506221  0.129553   0.414903            
0.478150  0.998645  0.000947  0.510153  0.950306   0.255757            
0.488877  0.997712  0.001677  0.491223  0.619161   0.201842            
0.507410  0.998918  0.000775  0.493531  0.851211   0.345758            
0.502413  0.997121  0.000775  0.490929  0.431880   0.476885            
0.491811  0.999972  0.001707  0.508751  0.069812   0.731926            
0.499568  0.998707  0.001994  0.482492  0.075049   0.832843            
0.499098  0.999758  0.000186  0.515211  0.373504   0.774454            
0.499518  0.998479  0.000947  0.496299  0.659008   0.958825            
0.504136  0.998828  0.001245  0.499695  0.960435   0.004594            
0.480189  0.999972  0.002466  0.483043  0.795872   0.891014            
0.497385  0.998707  0.001906  0.483106  0.748493   0.249919            
0.511671  0.998949  0.000186  0.480586  0.225827   0.308066            
0.494207  0.999758  0.001245  0.480068  0.119529   0.849693            
0.497650  0.998261  0.001854  0.499404  0.351636   0.367443            
0.507471  0.995590  0.001154  0.490344  0.845632   0.222487            
0.494146  0.998306  0.000186  0.501260  0.524179   0.263058            
0.495728  0.999972  0.000775  0.500440  0.973623   0.627664            
0.493974  0.996505  0.001990  0.497573  0.340064   0.274322            
0.486390  0.998261  0.000186  0.514978  0.520143   0.523995            
0.500280  0.997356  0.001245  0.516525  0.772367   0.924917            
0.501082  0.998918  0.001795  0.494687  0.725997   0.253630            
0.473010  0.999971  0.000775  0.511489  0.738893   0.351212            
0.493243  0.998949  0.001906  0.516911  0.128767   0.119200            
0.490703  0.997121  0.002299  0.485899  0.097940   0.962000            
0.490743  0.999971  0.001154  0.497795  0.854786   0.267453            
0.493162  0.998479  0.000947  0.499243  0.323584   0.543751            
0.512473  0.998306  0.000775  0.509810  0.070168   0.182043            
0.496350  0.999972  0.000947  0.496673  0.395475   0.745194            
0.500660  0.998828  0.003479  0.514532  0.827681   0.263594            
0.497605  0.998828  0.002299  0.472367  0.403201   0.927658            
0.498617  0.998645  0.000186  0.501599  0.442430   0.122664            
0.504064  0.996999  0.001906  0.517890  0.814178   0.807003            
0.502701  0.999910  0.001707  0.491921  0.633406   0.932150            
0.503789  0.998707  0.001795  0.484388  0.765155   0.696234            
0.497802  0.998306  0.002031  0.497799  0.072306   0.595099            
0.490333  0.999758  0.001154  0.491305  0.952998   0.228313            
0.501199  0.999972  0.001646  0.489114  0.999818   0.543975            
0.491559  0.997450  0.000947  0.494760  0.278287   0.013376            
0.486891  0.999910  0.000775  0.497949  0.331919   0.712061            
0.498790  0.997101  0.000775  0.513299  0.664687   0.624459            
0.494313  0.998488  0.001646  0.491618  0.113129   0.286457            
0.483739  0.999972  0.001245  0.491232  0.248925   0.896536            
0.504780  0.999910  0.001990  0.485056  0.562529   0.632663            
0.495629  0.998949  0.001154  0.501878  0.242021   0.719199            
0.507120  0.999758  0.002699  0.518357  0.760514   0.765354            
0.515413  0.996817  0.001677  0.512593  0.516704   0.546973            
0.491714  0.999971  0.000947  0.495808  0.362630   0.043553            
0.507742  0.997121  0.001154  0.507385  0.553821   0.316005            
0.502621  0.998533  0.000186  0.489420  0.711443   0.542691            
0.500786  0.998918  0.001795  0.499554  0.849749   0.195806            
0.502027  0.998261  0.000775  0.513597  0.501660   0.747115            
0.490611  0.998949  0.003052  0.511713  0.988127   0.365227            
0.516989  0.999910  0.002466  0.491052  0.429927   0.348352            
0.501960  0.997121  0.001847  0.505555  0.514441   0.789490            
0.489069  0.998918  0.001795  0.496457  0.942514   0.866962            
0.493830  0.998261  0.001245  0.510388  0.266089   0.595729            
0.479270  0.998918  0.000947  0.501509  0.533683   0.764887            
0.499585  0.998949  0.001646  0.503135  0.312301   0.017383            
0.490159  0.998645  0.002031  0.505153  0.666949   0.084922            
0.491619  0.999972  0.001154  0.484601  0.719124   0.942374            
0.509598  0.998533  0.000186  0.495390  0.934833   0.851073            
0.494387  0.999972  0.000947  0.495042  0.778951   0.905780            
0.491977  0.997450  0.000186  0.513565  0.769714   0.723748            
0.489440  0.998306  0.000947  0.496229  0.147269   0.059179            
0.488050  0.998918  0.001154  0.489325  0.032514   0.341503            
0.482371  0.998488  0.001154  0.512662  0.261457   0.241220            
0.485788  0.995889  0.001847  0.480605  0.228761   0.769036            
0.509141  0.999565  0.000186  0.515669  0.108978   0.432844            
0.509201  0.998645  0.001707  0.493651  0.256101   0.935913            
0.506636  0.995821  0.002299  0.490229  0.129326   0.788862            
0.508568  0.997712  0.003224  0.492981  0.668008   0.870037            
0.497604  0.996673  0.002363  0.504505  0.765535   0.941686            
0.495729  0.999758  0.001245  0.486993  0.564589   0.257226            
0.498916  0.998918  0.002031  0.517270  0.972664   0.159579            
0.508355  0.996158  0.001854  0.502120  0.350621   0.735181            
0.496885  0.998918  0.000186  0.518641  0.394604   0.124328            
0.502203  0.998533  0.001795  0.502148  0.397765   0.507664            
0.503137  0.998306  0.002566  0.489074  0.359312   0.498724            
0.498168  0.998949  0.000775  0.486789  0.571949   0.419397            
0.501818  0.999565  0.001795  0.500517  0.396397   0.466314            
0.490481  0.999565  0.001154  0.486948  0.970878   0.297605            
0.495584  0.999972  0.000186  0.509739  0.229519   0.795482            
0.493718  0.998488  0.001154  0.483524  0.040800   0.531975            
0.501133  0.998949  0.000947  0.491112  0.058183   0.253382            
0.495678  0.999972  0.001245  0.482604  0.589173   0.008618            
0.480318  0.997356  0.001854  0.495261  0.271541   0.864539            
0.497468  0.997195  0.001245  0.490312  0.250886   0.898959            
0.510393  0.999758  0.000775  0.513299  0.795995   0.959756            
0.516136  0.998645  0.002330  0.481180  0.793979   0.682161            
0.488883  0.998707  0.002699  0.502578  0.429312   0.670810            
0.490460  0.999971  0.000186  0.488629  0.170725   0.527311            
0.492490  0.998707  0.000186  0.497313  0.334174   0.688112            
0.493883  0.998949  0.001245  0.480262  0.555565   0.536498            
0.489726  0.999565  0.002148  0.507218  0.777071   0.894416            
0.493942  0.998918  0.002363  0.491018  0.843532   0.716437            
0.509417  0.998306  0.000775  0.497129  0.826969   0.983350            
0.487642  0.998645  0.001795  0.516426  0.241458   0.209619            
0.499469  0.998918  0.001990  0.489978  0.870536   0.263188            
0.506615  0.999758  0.001854  0.496815  0.728171   0.116665            
0.490013  0.998645  0.001682  0.494314  0.683836   0.039961            
0.498462  0.997450  0.000947  0.504232  0.826418   0.792353            
0.497844  0.999972  0.001682  0.496017  0.493525   0.038100            
0.509396  0.998828  0.001245  0.501222  0.626529   0.909824            
0.495140  0.998918  0.004471  0.497501  0.652260   0.886394            
0.503943  0.997712  0.001677  0.500680  0.723415   0.456986            
0.511878  0.998306  0.000947  0.496637  0.095991   0.102087            
0.503899  0.999565  0.001682  0.492312  0.421318   0.266584            
0.485568  0.998828  0.000186  0.486169  0.818722   0.833447            
0.492020  0.997712  0.001994  0.494118  0.564487   0.552283            
0.507685  0.999910  0.001795  0.507556  0.339583   0.999465            
0.488744  0.995957  0.000947  0.504377  0.668333   0.755437            
0.502768  0.999565  0.002148  0.512064  0.616299   0.535412            
0.488701  0.998073  0.000186  0.489479  0.726801   0.988539            
0.510366  0.998645  0.002330  0.495994  0.558582   0.667056            
0.488070  0.999758  0.000947  0.507129  0.123815   0.328117            
0.485529  0.999910  0.000775  0.493278  0.109361   0.004799            
0.492409  0.998918  0.002031  0.485759  0.591961   0.533256            
0.508030  0.997450  0.001990  0.506370  0.320039   0.125265            
0.499562  0.998488  0.005594  0.506364  0.194376   0.535525            
0.497204  0.998707  0.001847  0.497757  0.230411   0.717779            
0.517010  0.996999  0.000947  0.502454  0.434650   0.487510            
0.508351  0.998828  0.001994  0.499529  0.972311   0.208701            
0.496639  0.998488  0.001646  0.501604  0.280248   0.027828            
0.515557  0.998707  0.002299  0.490433  0.760796   0.147811            
0.515064  0.998918  0.000947  0.503984  0.323014   0.428380            
0.476396  0.998261  0.001847  0.491261  0.542390   0.428933            
0.479695  0.999910  0.001646  0.494096  0.627718   0.551415            
0.496254  0.998707  0.000947  0.487506  0.712182   0.125535            
0.487041  0.999971  0.001646  0.482758  0.675513   0.908953            
0.488082  0.998488  0.001994  0.510331  0.667369   0.092091            
0.497387  0.999758  0.000186  0.493918  0.999350   0.187974            
0.495724  0.999972  0.004184  0.493132  0.711310   0.024221            
0.518339  0.999910  0.001677  0.489816  0.821815   0.363303            
0.501243  0.998949  0.003052  0.491984  0.000227   0.792643            
0.508604  0.999972  0.001677  0.502649  0.358862   0.138747            
0.494671  0.999971  0.000947  0.489118  0.485818   0.182362            
0.508213  0.998507  0.001795  0.505581  0.856970   0.285794            
0.490254  0.998918  0.001677  0.494117  0.721484   0.846004            
0.493458  0.995373  0.000947  0.484901  0.187870   0.077133            
0.477441  0.998073  0.001990  0.500992  0.027958   0.111748            
0.509541  0.996673  0.001646  0.494758  0.515586   0.630764            
0.504668  0.999971  0.001682  0.496777  0.346217   0.672833            
0.496879  0.998533  0.001994  0.503082  0.708266   0.244957            
0.496876  0.998918  0.001154  0.506975  0.455067   0.453397            
0.486009  0.998828  0.002031  0.500195  0.145416   0.650893            
0.502412  0.998488  0.001707  0.495465  0.651987   0.290647            
0.493550  0.999972  0.001994  0.486426  0.726896   0.906632            
0.489215  0.998020  0.001154  0.511004  0.395467   0.516436            
0.500939  0.998949  0.002031  0.503995  0.879209   0.547459            
0.495552  0.999971  0.000775  0.502201  0.281403   0.470474            
0.496074  0.997288  0.000947  0.486552  0.667328   0.681124            
0.488364  0.997356  0.001245  0.501102  0.267500   0.261556            
0.501219  0.999971  0.001646  0.490730  0.565153   0.047018            
0.483850  0.999910  0.000775  0.505738  0.340163   0.230620            
0.497550  0.998533  0.001854  0.507919  0.524976   0.235418            
0.496883  0.999758  0.001906  0.498875  0.052415   0.063768            
0.495882  0.998533  0.001245  0.501506  0.077772   0.920067            
0.497050  0.999910  0.001646  0.494622  0.875502   0.511551            
0.502371  0.996693  0.001646  0.482545  0.656623   0.053029            
0.497967  0.999565  0.001245  0.496219  0.459267   0.964033            
0.505396  0.998533  0.001847  0.501174  0.714570   0.630772            
0.495807  0.998507  0.001677  0.502403  0.645894   0.713107            
0.497778  0.999565  0.000186  0.486318  0.047218   0.223722            
0.493223  0.997651  0.004588  0.499708  0.830376   0.994706            
0.501278  0.999758  0.005625  0.496070  0.825120   0.215595            
0.490455  0.999758  0.002299  0.501196  0.693667   0.445870            
0.497477  0.998707  0.001245  0.501635  0.393638   0.785140            
0.507496  0.997101  0.001677  0.491532  0.296048   0.581977            
0.483791  0.998918  0.000186  0.479435  0.989021   0.562464            
0.492723  0.999565  0.001795  0.490596  0.154474   0.902521            
0.494871  0.999758  0.001154  0.501369  0.121059   0.726557            
0.500509  0.998306  0.002363  0.504351  0.737161   0.673779            
0.506814  0.998918  0.002031  0.491815  0.277066   0.403709            
0.492022  0.998918  0.002876  0.492284  0.816096   0.919019            
0.502104  0.998918  0.001994  0.507762  0.054243   0.040177            
0.490237  0.997121  0.001994  0.510640  0.242608   0.267571            
0.502899  0.998918  0.001677  0.513330  0.656782   0.793345            
0.497735  0.998479  0.002148  0.493012  0.904270   0.953107            
0.501265  0.997712  0.001707  0.503503  0.024219   0.598589            
0.483256  0.998073  0.000775  0.502524  0.743125   0.436920            
0.485161  0.997121  0.001906  0.495208  0.539753   0.375105            
0.486565  0.997712  0.000186  0.504181  0.497258   0.923604            
0.485927  0.996693  0.001847  0.488445  0.196974   0.870839            
0.504076  0.999971  0.001646  0.492339  0.496793   0.430038            
0.487962  0.999565  0.001707  0.496466  0.751461   0.188889            
0.496199  0.998949  0.002031  0.499230  0.780913   0.059067            
0.497040  0.999758  0.000186  0.478183  0.506366   0.453963            
0.488592  0.999758  0.001854  0.472668  0.904767   0.363504            
0.497916  0.998949  0.001707  0.488185  0.373116   0.998857            
0.495561  0.999971  0.001854  0.495022  0.269631   0.502114            
0.485945  0.998645  0.001682  0.497559  0.700001   0.671087            
0.487324  0.999972  0.001707  0.508637  0.188104   0.550504            
0.494587  0.998828  0.002148  0.509325  0.836783   0.007074            
0.498249  0.999758  0.002148  0.501982  0.140718   0.211636            
0.484884  0.999758  0.002031  0.488216  0.029668   0.916876            
0.511935  0.999565  0.001245  0.511945  0.359691   0.342801            
0.508805  0.999910  0.001682  0.491281  0.777395   0.602023            
0.487506  0.999565  0.001154  0.493791  0.549088   0.635078            
0.497495  0.998645  0.001795  0.509873  0.372813   0.608008            
0.502660  0.998488  0.001154  0.501897  0.009079   0.468569            
0.500539  0.999971  0.001154  0.492509  0.013018   0.283944            
0.499684  0.999565  0.001154  0.491584  0.931671   0.006592            
0.507928  0.999758  0.002566  0.500147  0.795319   0.483805            
0.480635  0.999565  0.002541  0.496479  0.813131   0.185730            
0.492354  0.999758  0.000775  0.495058  0.605857   0.834460            
0.494050  0.998645  0.002148  0.494041  0.944118   0.350582            
0.484957  0.999910  0.000775  0.496086  0.099541   0.280437            
0.503604  0.998020  0.001847  0.474619  0.532422   0.411421            
0.504830  0.998828  0.001847  0.491640  0.029532   0.772172            
0.492195  0.999565  0.006197  0.508480  0.190362   0.413664            
0.497702  0.996673  0.001245  0.499309  0.776575   0.380756            
0.499945  0.999910  0.000947  0.503333  0.035690   0.053007            
0.505372  0.998918  0.001154  0.512322  0.919146   0.140630            
0.494514  0.998507  0.000186  0.499634  0.476539   0.877126            
0.510893  0.997450  0.001154  0.488160  0.874079   0.190419            
0.488747  0.998507  0.001682  0.498740  0.012102   0.960909            
0.486289  0.999910  0.002974  0.493588  0.623821   0.800755            
0.472033  0.998488  0.001677  0.499893  0.575163   0.355441            
0.492346  0.998073  0.000947  0.489009  0.928610   0.466561            
0.501747  0.997121  0.000775  0.515200  0.794676   0.762759            
0.492414  0.998949  0.001245  0.498725  0.590766   0.658258            
0.496740  0.998918  0.001154  0.501181  0.748602   0.252230            
0.501046  0.998507  0.001994  0.488305  0.459465   0.976265            
0.499713  0.999910  0.006423  0.502284  0.594731   0.841742            
0.495524  0.998533  0.001154  0.493140  0.742004   0.796953            
0.496250  0.999758  0.001847  0.494977  0.656939   0.979203            
0.497668  0.998479  0.000186  0.498373  0.112510   0.532635            
0.485335  0.999758  0.001245  0.515793  0.469024   0.626295            
0.491122  0.998073  0.004896  0.497199  0.792078   0.996944            
0.493855  0.999758  0.001154  0.493220  0.164352   0.936888            
0.489580  0.998707  0.001154  0.506412  0.520065   0.574516            
0.514991  0.998020  0.002466  0.496002  0.588421   0.183227            
0.500004  0.998479  0.000186  0.489337  0.387539   0.625382            
0.495318  0.999565  0.002974  0.506608  0.578428   0.536760            
0.503207  0.997288  0.001847  0.485647  0.533076   0.780463            
0.487248  0.997712  0.002031  0.500289  0.834724   0.328373            
0.498490  0.999758  0.002031  0.506340  0.892204   0.223735            
0.483607  0.999758  0.001854  0.491439  0.874328   0.208708            
0.486493  0.998949  0.000947  0.492373  0.891270   0.263577            
0.495882  0.999910  0.001245  0.512861  0.163912   0.626337            
0.509506  0.999971  0.000775  0.504194  0.074170   0.914824            
0.483269  0.998828  0.000775  0.495479  0.197227   0.513549            
0.485655  0.998645  0.001682  0.507438  0.614811   0.493407            
0.497271  0.999972  0.000947  0.506173  0.062223   0.974768            
0.494163  0.997450  0.000947  0.512996  0.425159   0.302462            
0.505549  0.998949  0.000947  0.495421  0.967183   0.858272            
0.496463  0.999758  0.000947  0.468700  0.858018   0.235380            
0.499645  0.997121  0.003481  0.510280  0.880475   0.466568            
0.495365  0.998073  0.001245  0.499743  0.943271   0.827689            
0.482810  0.998949  0.000775  0.480968  0.079776   0.220553            
0.505269  0.998918  0.001906  0.497869  0.838388   0.798882            
0.502246  0.998645  0.001154  0.491717  0.048089   0.811703            
0.491123  0.998949  0.001646  0.479061  0.267669   0.581960            
0.492493  0.999758  0.001854  0.503912  0.380808   0.450190            
0.499971  0.999758  0.002299  0.481477  0.164610   0.702810            
0.506043  0.995957  0.001646  0.495943  0.785541   0.723334            
0.517598  0.999971  0.001906  0.493959  0.367010   0.807591            
0.481539  0.999972  0.001906  0.506651  0.166586   0.941539            
0.497834  0.998479  0.001646  0.498352  0.024143   0.048255            
0.497939  0.998488  0.001646  0.517986  0.471062   0.924541            
0.495179  0.997651  0.001994  0.511330  0.144993   0.104838            
0.481270  0.998918  0.001906  0.491359  0.461291   0.352667            
0.490862  0.998073  0.000947  0.493373  0.191484   0.962469            
0.503001  0.998707  0.003179  0.505648  0.437968   0.491039            
0.496246  0.998949  0.001795  0.500875  0.914802   0.493681            
0.504405  0.999971  0.002466  0.483576  0.582625   0.709838            
0.494958  0.998645  0.001154  0.494264  0.614774   0.883532            
0.488704  0.998645  0.001847  0.496534  0.532234   0.615460            
0.503903  0.998479  0.001854  0.490660  0.627807   0.733090            
0.515673  0.999910  0.002330  0.494654  0.439356   0.434984            
0.486832  0.998507  0.001154  0.496967  0.872986   0.157008            
0.481445  0.999758  0.001994  0.479632  0.898727   0.684025            
0.495956  0.998020  0.001994  0.497361  0.948834   0.394579            
0.489971  0.998828  0.000947  0.491938  0.912161   0.382924            
0.502080  0.998828  0.002148  0.506959  0.142954   0.606628            
0.488809  0.999758  0.000186  0.499028  0.311055   0.915131            
0.494690  0.998707  0.001906  0.504910  0.086483   0.684961            
0.495537  0.999758  0.001795  0.485242  0.183373   0.176063            
0.504792  0.999758  0.002566  0.491930  0.141391   0.271024            
0.503931  0.998306  0.001245  0.498290  0.905851   0.829676            
0.488260  0.999910  0.001990  0.485028  0.723610   0.010723            
0.476491  0.998306  0.000775  0.493973  0.958333   0.819111            
0.502208  0.998507  0.001795  0.504483  0.664819   0.024489            
0.493100  0.998533  0.001154  0.503385  0.393746   0.916911            
0.494575  0.998073  0.001707  0.505652  0.145584   0.999251            
0.491530  0.998533  0.001677  0.503203  0.042643   0.505044            
0.480819  0.999972  0.002363  0.498621  0.019334   0.647358            
0.482082  0.998828  0.001154  0.479063  0.164102   0.741405            
0.491824  0.998828  0.000947  0.504239  0.138273   0.359158            
0.502272  0.997195  0.001795  0.487583  0.677807   0.123873            
0.482995  0.999565  0.000186  0.489453  0.453884   0.393526            
0.500943  0.999971  0.001154  0.508561  0.247760   0.232513            
0.498600  0.999971  0.001847  0.488558  0.631208   0.911887            
0.478794  0.998949  0.000775  0.504426  0.783556   0.926684            
0.489845  0.999910  0.000775  0.494793  0.820937   0.469660            
0.494974  0.997450  0.002299  0.488839  0.412613   0.472783            
0.489209  0.998949  0.001707  0.476714  0.464082   0.903036            
0.486918  0.998949  0.003224  0.493431  0.209327   0.945459            
0.486858  0.994274  0.001677  0.504704  0.275131   0.708381            
0.509861  0.999972  0.000775  0.494152  0.435281   0.294495            
0.496601  0.998949  0.000186  0.482998  0.294859   0.704473            
0.498824  0.999972  0.001646  0.509305  0.832479   0.429662            
0.494605  0.999758  0.001245  0.499185  0.411467   0.871922            
0.494843  0.998918  0.000186  0.498157  0.482074   0.718965            
0.488638  0.998707  0.002299  0.473659  0.544064   0.036930            
0.500468  0.999910  0.001646  0.506986  0.136446   0.047295            
0.498237  0.998949  0.000947  0.506557  0.778900   0.760299            
0.489052  0.997288  0.002299  0.496846  0.127465   0.715163            
0.499465  0.998828  0.000186  0.498018  0.302810   0.882684            
0.494766  0.998488  0.002031  0.498294  0.976688   0.175477            
0.510379  0.999910  0.001847  0.485903  0.219146   0.857235            
0.521998  0.998488  0.000947  0.486215  0.907887   0.367071            
0.499685  0.997213  0.003224  0.484712  0.930610   0.321833            
0.507374  0.997288  0.001994  0.485272  0.320176   0.717105            
0.502781  0.998306  0.001854  0.475719  0.587454   0.884518            
0.488371  0.999972  0.002363  0.491530  0.863608   0.243944            
0.498665  0.998507  0.001677  0.499834  0.116255   0.581378            
0.503236  0.999758  0.000775  0.491594  0.138097   0.692205            
0.502386  0.999910  0.001994  0.512127  0.048345   0.082064            
0.500650  0.999971  0.001682  0.487761  0.890981   0.069593            
0.509450  0.999910  0.001245  0.493339  0.236127   0.830094            
0.481502  0.998020  0.002148  0.494160  0.698695   0.507262            
0.498355  0.999971  0.001682  0.494279  0.043506   0.859616            
0.490015  0.999972  0.001677  0.506828  0.611766   0.283827            
0.500180  0.998479  0.000947  0.505262  0.131354   0.619272            
0.504735  0.999971  0.000775  0.510375  0.376641   0.894775            
0.474989  0.997101  0.001707  0.513372  0.559611   0.897900            
0.490175  0.999758  0.000775  0.507241  0.839622   0.933507            
0.483205  0.999758  0.002031  0.501525  0.345940   0.298735            
0.496280  0.999971  0.001707  0.502071  0.657480   0.699286            
0.476504  0.998488  0.000186  0.485083  0.881570   0.303984            
0.502142  0.999565  0.002148  0.506260  0.625189   0.264044            
0.501784  0.998707  0.001707  0.487856  0.857901   0.178042            
0.502574  0.997450  0.002031  0.503957  0.413490   0.399819            
0.519228  0.998507  0.000186  0.514260  0.886656   0.502304            
0.506752  0.998020  0.001847  0.487246  0.711238   0.239078            
0.490605  0.999971  0.001154  0.490991  0.592410   0.741717            
0.508283  0.999971  0.001795  0.499328  0.826832   0.052295            
0.487342  0.998073  0.001795  0.492149  0.759284   0.512023            
0.495048  0.998949  0.002541  0.486407  0.016971   0.476580            
0.496855  0.998073  0.001990  0.501997  0.675745   0.373359            
0.492162  0.999971  0.001906  0.502020  0.951909   0.692226            
0.505649  0.998949  0.000775  0.500029  0.848973   0.549399            
0.489563  0.998020  0.001707  0.500707  0.947867   0.533295            
0.512282  0.998645  0.002299  0.493391  0.136109   0.169946            
0.501804  0.998533  0.002031  0.503123  0.745376   0.740436            
0.491714  0.998488  0.000947  0.504970  0.006453   0.115946            
0.490574  0.998533  0.002541  0.519953  0.962694   0.317952            
0.493466  0.999971  0.003224  0.501801  0.143539   0.177654            
0.502218  0.998645  0.000947  0.533599  0.640489   0.696644            
0.496773  0.999758  0.002031  0.510209  0.562544   0.848069            
0.500061  0.998949  0.001854  0.477957  0.171503   0.300483            
0.489420  0.997712  0.001795  0.508904  0.441692   0.907441            
0.497311  0.998918  0.001795  0.512164  0.794276   0.035456            
0.499993  0.998073  0.002974  0.484457  0.378061   0.399807            
0.488667  0.996499  0.001245  0.507988  0.508370   0.882448            
0.503788  0.998645  0.001245  0.477248  0.137171   0.602706            
0.482561  0.999971  0.001847  0.519091  0.228799   0.363534            
0.489297  0.998479  0.001245  0.483340  0.023406   0.845939            
0.487822  0.997651  0.001854  0.506233  0.159508   0.619662            
0.510441  0.998828  0.001990  0.485269  0.124001   0.717879            
0.499073  0.998707  0.001245  0.497556  0.359904   0.417811            
0.488761  0.998533  0.002031  0.497776  0.263342   0.248483            
0.503336  0.998828  0.000775  0.490047  0.620293   0.266458            
0.497538  0.998507  0.001646  0.507962  0.311705   0.220105            
0.497030  0.998828  0.000947  0.508452  0.745314   0.823974            
0.493588  0.998261  0.001646  0.501665  0.513604   0.265621            
0.493913  0.998507  0.002699  0.503813  0.715554   0.564965            
0.490752  0.999971  0.001245  0.483626  0.117252   0.571423            
0.493960  0.998949  0.001682  0.512458  0.416710   0.294357            
0.488731  0.998707  0.001646  0.502827  0.103687   0.110708            
0.499633  0.996505  0.000775  0.496010  0.461472   0.103068            
0.481240  0.998645  0.001994  0.489712  0.605648   0.644092            
0.504775  0.999972  0.001646  0.493689  0.173994   0.576685            
0.499450  0.998533  0.002541  0.485789  0.601745   0.968521            
0.495511  0.999565  0.002148  0.497074  0.074300   0.082360            
0.487707  0.998707  0.001646  0.493543  0.957007   0.451569            
0.489329  0.998918  0.000186  0.500107  0.618690   0.320340            
0.486091  0.997450  0.004828  0.501836  0.460164   0.310053            
0.497135  0.999758  0.000186  0.497086  0.902235   0.775773            
0.498811  0.998507  0.000186  0.498494  0.724085   0.267251            
0.501877  0.999758  0.001990  0.496461  0.759146   0.787218            
0.504205  0.999910  0.000186  0.507504  0.909148   0.072560            
0.493851  0.999565  0.000947  0.486359  0.890751   0.689290            
0.494117  0.998828  0.000775  0.482709  0.181634   0.075753            
0.520426  0.998533  0.001906  0.486861  0.774220   0.068767            
0.500035  0.999565  0.000186  0.490812  0.422748   0.507457            
0.503186  0.998507  0.000947  0.503560  0.208937   0.214642            
0.501644  0.998507  0.002363  0.499680  0.393425   0.916278            
0.498613  0.999910  0.001682  0.507242  0.266443   0.971693            
0.512955  0.997101  0.003479  0.502010  0.288536   0.392492            
0.507928  0.997195  0.003872  0.491989  0.020746   0.503765            
0.492802  0.998707  0.000947  0.508776  0.581510   0.881005            
0.503838  0.998828  0.001154  0.511661  0.003258   0.182214            
0.489068  0.998479  0.001795  0.516459  0.663381   0.846957            
0.508901  0.998507  0.002299  0.487993  0.417988   0.443155            
0.506696  0.999910  0.001795  0.503075  0.614442   0.177266            
0.502519  0.997651  0.003479  0.497841  0.380643   0.551619            
0.489457  0.998949  0.001677  0.495078  0.408898   0.030497            
0.500918  0.999758  0.001707  0.499398  0.580113   0.318803            
0.488640  0.998707  0.000775  0.503651  0.161652   0.801714            
0.485332  0.998261  0.001677  0.498672  0.133023   0.841207            
0.496502  0.998918  0.001795  0.512284  0.054598   0.361011            
0.509998  0.999758  0.000947  0.496814  0.165649   0.243498            
0.509065  0.999972  0.000186  0.492509  0.131260   0.434486            
0.505663  0.998949  0.001906  0.503738  0.482405   0.103523            
0.506506  0.998707  0.003224  0.494299  0.454529   0.232057            
0.494389  0.999971  0.001646  0.487250  0.600884   0.624768            
0.481763  0.997288  0.000186  0.498594  0.649586   0.322628            
0.483677  0.999972  0.000186  0.492294  0.285309   0.795048            
0.489899  0.999758  0.000186  0.500143  0.020638   0.181934            
0.489375  0.999910  0.001646  0.485580  0.463049   0.682236            
0.485115  0.999971  0.001682  0.502729  0.134126   0.124438            
0.501497  0.999910  0.001677  0.495522  0.838442   0.011421            
0.504164  0.998707  0.001990  0.495198  0.802184   0.054980            
0.486501  0.999565  0.001847  0.508022  0.407627   0.945214            
0.483723  0.999758  0.000947  0.511105  0.537927   0.871087            
0.497007  0.999758  0.002699  0.492952  0.459008   0.610317            
0.497129  0.998707  0.001646  0.494629  0.401652   0.076236            
0.496570  0.999971  0.001154  0.514984  0.247815   0.902512            
0.489598  0.997121  0.000947  0.481947  0.730009   0.100858            
0.505353  0.998828  0.001682  0.498924  0.540560   0.118962            
0.500742  0.998949  0.000947  0.496430  0.375290   0.256584            
0.503495  0.999758  0.001795  0.491094  0.883978   0.204319            
0.500246  0.999971  0.001707  0.519212  0.214155   0.717910            
0.494826  0.999971  0.000947  0.485201  0.770406   0.297192            
0.501607  0.996158  0.002541  0.488485  0.800172   0.180208            
0.489671  0.999910  0.001646  0.483852  0.244969   0.525619            
0.488463  0.998707  0.001677  0.492749  0.521568   0.602701            
0.491977  0.996140  0.001154  0.493053  0.965445   0.620012            
0.511280  0.998507  0.001854  0.496481  0.404653   0.232036            
0.511084  0.999972  0.000186  0.481723  0.455063   0.382589            
0.491186  0.998918  0.001646  0.517062  0.645909   0.313550            
0.492844  0.999910  0.001677  0.499839  0.010308   0.582423            
0.486154  0.998828  0.001994  0.498143  0.856437   0.150373            
0.496673  0.998488  0.001795  0.491263  0.567366   0.129382            
0.496781  0.995373  0.000947  0.485670  0.404243   0.267480            
0.502003  0.997651  0.003179  0.480740  0.591536   0.870935            
0.515143  0.999758  0.001854  0.480827  0.260929   0.609865            
0.503531  0.998488  0.001646  0.504015  0.517856   0.362523            
0.495771  0.998949  0.001795  0.513230  0.852774   0.128024            
0.510763  0.999910  0.001795  0.491401  0.449614   0.113599            
0.484550  0.997712  0.001154  0.504449  0.120465   0.623971            
0.497901  0.999972  0.001854  0.509500  0.021861   0.159727            
0.493020  0.997356  0.001245  0.488906  0.974616   0.308370            
0.499636  0.999910  0.001707  0.489877  0.020448   0.010711            
0.497797  0.997356  0.001245  0.499472  0.025850   0.709471            
0.492729  0.999910  0.001677  0.474739  0.500492   0.260366            
0.495130  0.999910  0.001994  0.511020  0.063452   0.961615            
0.499054  0.998918  0.001154  0.501493  0.451745   0.699615            
0.504916  0.998488  0.000186  0.507133  0.799200   0.355174            
0.479290  0.998949  0.001677  0.492573  0.869334   0.470092            
0.503787  0.999971  0.000775  0.472715  0.034597   0.630586            
0.490394  0.998479  0.001994  0.500593  0.794550   0.012342            
0.502843  0.997195  0.000186  0.492868  0.336428   0.365796            
0.493895  0.998073  0.003479  0.491134  0.783720   0.966056            
0.508238  0.999910  0.001677  0.494350  0.611966   0.801155            
0.508734  0.998020  0.002148  0.490551  0.852859   0.355730            
0.512573  0.998507  0.002466  0.490116  0.973857   0.202504            
0.511372  0.998918  0.000947  0.505574  0.767832   0.873756            
0.485210  0.999971  0.002363  0.489218  0.951152   0.036746            
0.502893  0.997288  0.001682  0.502976  0.620226   0.440427            
0.503369  0.997450  0.001646  0.493476  0.138357   0.255868            
0.496888  0.998918  0.001847  0.499404  0.917560   0.337525            
0.495194  0.998918  0.001994  0.501569  0.595040   0.244762            
0.504443  0.999971  0.001682  0.497907  0.642858   0.023816            
0.489046  0.998073  0.001245  0.481590  0.931330   0.771116            
0.500619  0.999758  0.002466  0.507227  0.747737   0.461437            
0.492771  0.999565  0.000947  0.498813  0.235266   0.183590            
0.489440  0.998533  0.001646  0.497874  0.610745   0.225977            
0.487124  0.999910  0.002466  0.483108  0.881724   0.645038            
0.496954  0.999972  0.001795  0.488901  0.848094   0.646868            
0.488827  0.999565  0.001682  0.493976  0.219804   0.473078            
0.506317  0.997651  0.000775  0.493010  0.625202   0.849888            
0.491046  0.998073  0.000947  0.510367  0.336760   0.992240            
0.492837  0.997213  0.001682  0.496600  0.855253   0.004835            
0.495354  0.999972  0.001707  0.471455  0.856259   0.946574            
0.486055  0.999972  0.001154  0.485016  0.394787   0.668231            
0.506944  0.998828  0.001646  0.511923  0.005078   0.787604            
0.500718  0.998707  0.001677  0.510029  0.594365   0.172062            
0.484203  0.999910  0.002566  0.493374  0.859103   0.537436            
0.503205  0.998645  0.001646  0.492837  0.038647   0.575462            
0.494456  0.999910  0.000775  0.494615  0.646859   0.415511            
0.492458  0.997121  0.001646  0.488397  0.950393   0.069992            
0.499388  0.998828  0.002299  0.499216  0.298463   0.940913            
0.494386  0.999910  0.000186  0.514626  0.462567   0.834500            
0.498224  0.998020  0.001707  0.511670  0.825716   0.022306            
0.506479  0.998507  0.000775  0.505533  0.968356   0.687840            
0.491497  0.998533  0.001795  0.503230  0.505904   0.283030            
0.485326  0.999565  0.000186  0.495263  0.985439   0.663836            
0.511340  0.998828  0.001677  0.485866  0.751957   0.158859            
0.489154  0.997288  0.002719  0.478004  0.140994   0.120235            
0.496858  0.998533  0.001990  0.497411  0.964163   0.629741            
0.497878  0.997450  0.001154  0.488517  0.119594   0.606029            
0.492516  0.998488  0.002330  0.491866  0.626609   0.815114            
0.502038  0.998828  0.001707  0.501981  0.852697   0.616340            
0.502403  0.998533  0.003052  0.496964  0.135893   0.586948            
0.495993  0.999972  0.000186  0.522096  0.467887   0.555133            
0.495379  0.996693  0.001847  0.514410  0.008695   0.622295            
0.498490  0.998073  0.001154  0.504715  0.235381   0.893809            
0.477901  0.998645  0.000775  0.511207  0.982525   0.068112            
0.492990  0.998828  0.002974  0.509941  0.762643   0.305034            
0.506957  0.998488  0.001707  0.491837  0.200598   0.171274            
0.489117  0.999910  0.000775  0.489691  0.844642   0.357352            
0.478610  0.998918  0.001646  0.487565  0.243469   0.705955            
0.478537  0.999971  0.001795  0.505560  0.814404   0.416703            
0.502093  0.999972  0.000947  0.492634  0.932162   0.877889            
0.478632  0.997195  0.000775  0.488428  0.879941   0.109902            
0.505201  0.998918  0.000775  0.480428  0.211204   0.766104            
0.497860  0.998707  0.002719  0.489931  0.800156   0.960839            
0.506049  0.998828  0.001847  0.504583  0.348517   0.698486            
0.492564  0.998533  0.000186  0.507556  0.002608   0.222732            
0.503262  0.999972  0.001682  0.493732  0.060687   0.134205            
0.499849  0.998020  0.001994  0.509961  0.260264   0.348104            
0.505973  0.998488  0.002974  0.491215  0.852183   0.222124            
0.488664  0.998707  0.000947  0.489906  0.201427   0.680855            
0.491897  0.997288  0.000186  0.510045  0.537673   0.218502            
0.496811  0.999972  0.001906  0.513813  0.492738   0.748875            
0.496587  0.998533  0.000775  0.498117  0.957243   0.012144            
0.506938  0.998707  0.000186  0.487726  0.995552   0.933871            
0.510336  0.999910  0.001854  0.493563  0.723231   0.487163            
0.489970  0.998507  0.001682  0.512426  0.607892   0.087321            
0.491395  0.997651  0.001795  0.495391  0.582474   0.028503            
0.505564  0.998261  0.001795  0.473133  0.597818   0.115230            
0.493068  0.999758  0.004471  0.482139  0.955384   0.319547            
0.490352  0.999758  0.001994  0.484020  0.393161   0.122855            
0.494460  0.999971  0.002330  0.491921  0.990440   0.896709            
0.502604  0.999910  0.004184  0.483719  0.528630   0.608176            
0.496533  0.999758  0.000947  0.499778  0.379569   0.988612            
0.510298  0.999565  0.000947  0.481823  0.719301   0.152832            
0.499594  0.998020  0.000775  0.499766  0.070857   0.950948            
0.502424  0.999971  0.001245  0.497984  0.948467   0.518380            
0.490933  0.996158  0.001154  0.484437  0.468770   0.122224            
0.490953  0.997651  0.000775  0.485712  0.436600   0.182292            
0.491090  0.996999  0.000186  0.497745  0.533638   0.215239            
0.501970  0.998479  0.000947  0.495780  0.220363   0.611034            
0.490998  0.999972  0.002330  0.482420  0.655409   0.624486            
0.496622  0.999565  0.001677  0.504405  0.063572   0.911019            
0.501135  0.998507  0.001154  0.496349  0.182734   0.333800            
0.517538  0.998507  0.001245  0.487030  0.895543   0.242271            
0.484601  0.998918  0.000775  0.522152  0.153323   0.212996            
0.498580  0.999971  0.000186  0.482730  0.838169   0.195513            
0.492601  0.997712  0.001245  0.502121  0.498838   0.042264            
0.497745  0.998707  0.001677  0.484891  0.090931   0.002057            
0.491763  0.997121  0.000947  0.493418  0.104123   0.262713            
0.504153  0.998949  0.003479  0.487314  0.760132   0.692559            
0.501577  0.999972  0.000947  0.500926  0.691866   0.551755            
0.495551  0.998918  0.000947  0.496342  0.893763   0.256345            
0.495269  0.997356  0.002719  0.492881  0.612374   0.323366            
0.503767  0.998918  0.001646  0.506007  0.815571   0.239683            
0.505948  0.999972  0.000186  0.493553  0.465794   0.365861            
0.487957  0.999971  0.001154  0.506304  0.763578   0.607305            
0.503342  0.999971  0.002330  0.507956  0.680021   0.692196            
0.497096  0.996673  0.002031  0.481462  0.214522   0.384259            
0.507439  0.998707  0.001154  0.499501  0.888378   0.104779            
0.491489  0.999758  0.000947  0.493014  0.258789   0.702577            
0.485855  0.998488  0.000947  0.481323  0.245011   0.770096            
0.493147  0.998488  0.001154  0.494240  0.689421   0.488868            
0.504111  0.999971  0.000775  0.490875  0.371326   0.281230            
0.498630  0.999972  0.001795  0.489778  0.332470   0.583172            
0.500284  0.999565  0.001906  0.479805  0.387915   0.812330            
0.503031  0.999758  0.001682  0.491176  0.756244   0.914099            
0.503513  0.998507  0.001154  0.509809  0.648446   0.008524            
0.499227  0.999972  0.004471  0.482189  0.714140   0.470277            
0.486093  0.998949  0.002330  0.503677  0.882398   0.760058            
0.490936  0.999972  0.001906  0.493517  0.326875   0.962715            
0.507956  0.998645  0.001682  0.486093  0.617354   0.728104            
0.495490  0.999972  0.000186  0.486923  0.915315   0.407192            
0.505279  0.997213  0.001682  0.487830  0.178761   0.442639            
0.502475  0.999910  0.001154  0.508855  0.451297   0.922043            
0.485571  0.998828  0.001154  0.510929  0.813575   0.039511            
0.502221  0.999910  0.000775  0.504981  0.995894   0.658343            
0.484613  0.998020  0.001990  0.510773  0.665567   0.546666            
0.490747  0.997651  0.001245  0.514302  0.435472   0.486931            
0.488637  0.999972  0.001245  0.495630  0.162724   0.600493            
0.489562  0.998073  0.001906  0.485889  0.578325   0.723486            
0.494232  0.998828  0.000775  0.485750  0.818394   0.219050            
0.501677  0.998533  0.002148  0.485909  0.325067   0.520283            
0.496207  0.999758  0.001707  0.501299  0.847215   0.827625            
0.505755  0.997651  0.000947  0.504980  0.740651   0.103663            
0.503495  0.998073  0.000186  0.489038  0.306783   0.614038            
0.482052  0.999910  0.002363  0.488137  0.091356   0.860089            
0.500314  0.998020  0.000775  0.504380  0.024804   0.358068            
0.485531  0.996499  0.000947  0.499566  0.657255   0.891708            
0.494840  0.998306  0.001795  0.498917  0.713305   0.874987            
0.499671  0.999758  0.001245  0.501301  0.728040   0.044888            
0.518184  0.998488  0.001990  0.499762  0.561932   0.224553            
0.497001  0.998645  0.000947  0.497554  0.684030   0.691447            
0.501943  0.999972  0.001245  0.504884  0.186333   0.228246            
0.487385  0.998707  0.001795  0.475829  0.861542   0.156596            
0.502223  0.998918  0.001847  0.511109  0.254207   0.665951            
0.486271  0.998828  0.002363  0.506763  0.615687   0.749829            
0.500076  0.999971  0.001994  0.501224  0.427082   0.012950            
0.501150  0.998828  0.000775  0.492821  0.949679   0.696005            
0.499451  0.998533  0.001677  0.483617  0.837140   0.911848            
0.495668  0.998949  0.002466  0.488558  0.438710   0.143332            
0.496490  0.999972  0.001994  0.500845  0.538270   0.699799            
0.490622  0.999971  0.005056  0.496569  0.338521   0.595416            
0.495350  0.998949  0.001847  0.496559  0.294304   0.465798            
0.492600  0.999910  0.001707  0.492329  0.969263   0.363046            
0.491532  0.999910  0.000947  0.514955  0.115446   0.932073            
0.501740  0.998707  0.001994  0.508806  0.305264   0.992306            
0.492618  0.998949  0.001245  0.494862  0.974217   0.107749            
0.496955  0.998918  0.001646  0.492921  0.991574   0.226729            
0.495963  0.999910  0.000186  0.511774  0.967775   0.699710            
0.492848  0.997195  0.004511  0.505600  0.862195   0.813114            
0.493441  0.997121  0.001795  0.481156  0.272585   0.627386            
0.506201  0.998261  0.002566  0.486981  0.282044   0.990619            
0.499576  0.999972  0.001245  0.510262  0.280226   0.226016            
0.489249  0.998261  0.000775  0.501595  0.249231   0.615567            
0.507801  0.999971  0.000775  0.506327  0.003466   0.256753            
0.485200  0.998645  0.002031  0.510062  0.444326   0.793539            
0.490266  0.995373  0.001677  0.513169  0.331220   0.202519            
0.484534  0.999972  0.000775  0.498405  0.661016   0.457146            
0.500542  0.999758  0.000186  0.500087  0.585226   0.367371            
0.482576  0.998949  0.001847  0.494085  0.936701   0.231364            
0.490703  0.998707  0.000775  0.502610  0.881360   0.985374            
0.499826  0.999910  0.001795  0.481435  0.724833   0.441628            
0.495502  0.997356  0.001154  0.498720  0.114585   0.671585            
0.509850  0.998828  0.000947  0.513636  0.527440   0.891089            
0.501036  0.996533  0.000947  0.499633  0.938751   0.948809            
0.494086  0.998533  0.000186  0.499107  0.869631   0.637535            
0.492995  0.998488  0.005142  0.489366  0.975257   0.620903            
0.496940  0.997195  0.001646  0.497465  0.772052   0.601671            
0.490646  0.999971  0.002148  0.496250  0.962713   0.773843            
0.495913  0.998645  0.001154  0.495438  0.908035   0.296378            
0.500553  0.999910  0.002363  0.495868  0.084479   0.988344            
0.514438  0.999972  0.000947  0.506597  0.319257   0.268661            
0.492673  0.998479  0.001795  0.490348  0.485810   0.465099            
0.506800  0.999758  0.000186  0.498151  0.948572   0.542538            
0.507279  0.999565  0.001847  0.490308  0.762674   0.916222            
0.503187  0.998645  0.002148  0.509103  0.562056   0.881239            
0.489975  0.999972  0.001906  0.499901  0.729725   0.103470            
0.510737  0.997121  0.001646  0.505237  0.848009   0.083402            
0.494847  0.999758  0.001795  0.471849  0.399694   0.452931            
0.495081  0.996693  0.000186  0.506614  0.036401   0.617439            
0.493505  0.998828  0.001154  0.504860  0.148702   0.300427            
0.505951  0.998488  0.001990  0.494551  0.233627   0.297433            
0.484926  0.997356  0.000775  0.499560  0.910990   0.316692            
0.496202  0.998949  0.002330  0.481109  0.580663   0.116024            
0.492439  0.999758  0.001854  0.490216  0.058903   0.966697            
0.487581  0.999972  0.000186  0.501629  0.976079   0.082896            
0.501412  0.998306  0.000775  0.495894  0.492236   0.145147            
0.506200  0.998918  0.001847  0.499618  0.815499   0.177695            
0.503566  0.996817  0.000775  0.501095  0.884972   0.263451            
0.502496  0.999972  0.001646  0.501492  0.047320   0.184086            
0.513966  0.998707  0.001677  0.495927  0.478941   0.222096            
0.492005  0.997356  0.002330  0.498331  0.367242   0.189553            
0.504396  0.997450  0.000775  0.487164  0.831232   0.041492            
0.491164  0.998918  0.000947  0.497032  0.199972   0.107429            
0.512216  0.999971  0.001245  0.497054  0.121958   0.276620            
0.501872  0.998488  0.001245  0.489230  0.214533   0.544199            
0.495860  0.999971  0.000186  0.495037  0.714200   0.271831            
0.495339  0.999971  0.002299  0.516906  0.753740   0.859777            
0.480362  0.998707  0.001795  0.500986  0.300893   0.319490            
0.489826  0.999565  0.002330  0.492819  0.715991   0.682186            
0.492875  0.998533  0.001795  0.502309  0.480375   0.543687            
0.500333  0.999972  0.002031  0.503857  0.458431   0.877148            
0.521609  0.999910  0.000775  0.500488  0.882042   0.816883            
0.492063  0.998306  0.001154  0.491679  0.232239   0.472050            
0.498408  0.998479  0.001245  0.496687  0.790451   0.151804            
0.495293  0.998645  0.000775  0.483380  0.058771   0.478512            
0.481617  0.999910  0.002299  0.488826  0.173849   0.961680            
0.499009  0.999910  0.000947  0.489596  0.881709   0.324842            
0.501260  0.998949  0.001990  0.498181  0.628410   0.965451            
0.482723  0.999910  0.001646  0.500004  0.191933   0.938908            
0.497825  0.998645  0.001707  0.489489  0.284323   0.124752            
0.486742  0.999910  0.000186  0.509632  0.866659   0.812007            
0.494371  0.998707  0.001847  0.514217  0.359935   0.327563            
0.503978  0.999971  0.000947  0.482793  0.924077   0.066487            
0.501343  0.999910  0.001677  0.497210  0.372081   0.765697            
0.504036  0.999972  0.000947  0.505921  0.532334   0.167711            
0.500764  0.999758  0.001707  0.475665  0.417868   0.543682            
0.495624  0.999758  0.001154  0.495609  0.592372   0.741849            
0.499799  0.997195  0.000775  0.492595  0.212534   0.098578            
0.503836  0.997712  0.002541  0.487156  0.462026   0.669081            
0.494544  0.998533  0.000947  0.510518  0.163835   0.724059            
0.499348  0.999910  0.001677  0.507208  0.621594   0.025356            
0.502838  0.999910  0.001154  0.502947  0.950363   0.300645            
0.506341  0.998261  0.002541  0.501758  0.813573   0.038481            
0.490146  0.999758  0.001646  0.507818  0.070738   0.731093            
0.476536  0.999565  0.000775  0.507852  0.269762   0.172964            
0.505448  0.999972  0.001795  0.502806  0.350790   0.822692            
0.485148  0.998707  0.001245  0.504125  0.141339   0.942750            
0.506567  0.998306  0.001154  0.500254  0.521442   0.164737            
0.489651  0.998918  0.000775  0.498128  0.508791   0.411486            
0.487696  0.998479  0.001677  0.492860  0.951423   0.503059            
0.496605  0.996693  0.001646  0.494839  0.100716   0.400990            
0.498495  0.997450  0.002031  0.500934  0.538498   0.678113            
0.493277  0.999758  0.001707  0.525324  0.203221   0.587122            
0.488185  0.999910  0.001245  0.492216  0.766276   0.323312            
0.499466  0.998479  0.001646  0.485126  0.760402   0.336728            
0.509514  0.999758  0.001677  0.497694  0.926007   0.992516            
0.496874  0.998306  0.001847  0.470394  0.259093   0.243572            
0.498533  0.998479  0.002699  0.481875  0.773363   0.257089            
0.488437  0.998949  0.000775  0.498348  0.819308   0.221230            
0.503824  0.999971  0.001854  0.492003  0.469124   0.711876            
0.499581  0.994503  0.000186  0.490607  0.686256   0.176455            
0.490774  0.998918  0.000775  0.477224  0.700048   0.901525            
0.491137  0.998645  0.001646  0.500926  0.806097   0.796479            
0.495755  0.998918  0.001990  0.511728  0.837766   0.677532            
0.495793  0.998828  0.006316  0.502713  0.126160   0.509561            
0.493114  0.999971  0.000775  0.495629  0.620472   0.840051            
0.514402  0.998949  0.000947  0.502046  0.827458   0.415539            
0.496949  0.999565  0.002148  0.506115  0.615969   0.572301            
0.496152  0.998949  0.000775  0.496657  0.793836   0.585569            
0.508085  0.998261  0.001646  0.502766  0.254296   0.689321            
0.499267  0.994966  0.000947  0.501439  0.633960   0.084189            
0.494258  0.998507  0.002330  0.498689  0.235059   0.462131            
0.485671  0.999972  0.002330  0.497238  0.594767   0.570092            
0.498974  0.999971  0.000186  0.482210  0.030845   0.359755            
0.496670  0.999971  0.001245  0.478514  0.972870   0.824718            
0.498215  0.998261  0.001707  0.512669  0.230907   0.751887            
0.486654  0.999565  0.001154  0.498899  0.215228   0.740176            
0.493195  0.998918  0.000186  0.502305  0.503240   0.883723            
0.498622  0.999971  0.001847  0.499241  0.864251   0.746976            
0.498634  0.998828  0.000775  0.495375  0.126856   0.504013            
0.515168  0.995957  0.001682  0.508512  0.326557   0.031562            
0.503239  0.999758  0.001154  0.512731  0.574838   0.760690            
0.497057  0.998306  0.001847  0.507274  0.494590   0.389278            
0.489635  0.998949  0.002466  0.478331  0.578397   0.036026            
0.501481  0.999971  0.001847  0.498293  0.381636   0.664436            
0.478782  0.999910  0.002541  0.515409  0.209734   0.043759            
0.503208  0.998645  0.000775  0.490484  0.170743   0.884361            
0.485965  0.998488  0.000775  0.486028  0.667298   0.852958            
0.486025  0.998949  0.001646  0.501625  0.153087   0.586704            
0.497153  0.998020  0.001707  0.494923  0.991917   0.701315            
0.499678  0.999758  0.002566  0.485393  0.779093   0.013319            
0.498677  0.998949  0.000186  0.502944  0.851892   0.179169            
0.502653  0.998261  0.002031  0.491168  0.195021   0.851145            
0.523532  0.998707  0.001677  0.498236  0.020759   0.638585            
0.510573  0.994966  0.000775  0.513801  0.542322   0.679296            
0.487771  0.998533  0.000775  0.495322  0.385393   0.076822            
0.487581  0.998949  0.001154  0.493163  0.255005   0.092938            
0.498633  0.998488  0.000947  0.496745  0.198493   0.518079            
0.485659  0.999972  0.001154  0.494376  0.565191   0.996179            
0.492218  0.998918  0.001682  0.507184  0.632356   0.822390            
0.487657  0.998828  0.001154  0.488717  0.040129   0.286715            
0.504149  0.999971  0.001646  0.486454  0.949480   0.311620            
0.506177  0.998949  0.003224  0.501251  0.016325   0.304610            
0.500535  0.999971  0.001906  0.492568  0.037557   0.908547            
0.478446  0.998261  0.001646  0.507805  0.354286   0.774379            
0.496795  0.999758  0.000186  0.487015  0.054291   0.577511            
0.502352  0.999972  0.001245  0.505922  0.871900   0.115945            
0.481936  0.998707  0.001677  0.498652  0.278319   0.695489            
0.498533  0.998507  0.000775  0.502780  0.605397   0.708514            
0.509360  0.998645  0.001682  0.497550  0.893567   0.015514            
0.492624  0.998488  0.001646  0.509888  0.621898   0.984873            
0.501305  0.998261  0.002541  0.505212  0.531451   0.776116            
0.488837  0.999971  0.000186  0.488012  0.699415   0.547434            
0.520492  0.998533  0.000775  0.506453  0.449941   0.885981            
0.512820  0.998707  0.002974  0.491364  0.796053   0.405610            
0.474234  0.999910  0.000186  0.496844  0.352660   0.753785            
0.483812  0.998479  0.001646  0.493576  0.407145   0.358221            
0.501750  0.999758  0.000947  0.502820  0.613346   0.093068            
0.478234  0.999971  0.000186  0.498555  0.372030   0.075414            
0.508471  0.998507  0.001646  0.480686  0.087890   0.225788            
0.490568  0.998949  0.000775  0.508174  0.147386   0.726706            
0.511887  0.999972  0.002974  0.509542  0.414335   0.609118            
0.488929  0.999972  0.001994  0.489737  0.317314   0.814969            
0.498998  0.998918  0.000186  0.498854  0.562767   0.346902            
0.498274  0.999971  0.003179  0.501923  0.448177   0.080945            
0.487917  0.998918  0.001707  0.500497  0.905331   0.894275            
0.488856  0.999910  0.001245  0.482126  0.292672   0.831070            
0.502329  0.996117  0.001677  0.500618  0.257654   0.151812            
0.504276  0.998645  0.003481  0.490947  0.228887   0.597713            
0.506863  0.998488  0.002974  0.491045  0.220669   0.685687            
0.501786  0.998261  0.000775  0.499588  0.629208   0.396564            
0.497484  0.999565  0.001245  0.495433  0.938551   0.954920            
0.495822  0.998828  0.000947  0.498032  0.484096   0.448812            
0.499784  0.997101  0.002148  0.484761  0.986900   0.206301            
0.492518  0.996158  0.001707  0.499372  0.321974   0.818771            
0.494081  0.998707  0.000186  0.468649  0.251708   0.532451            
0.511478  0.999972  0.001994  0.502252  0.883562   0.631731            
0.499966  0.999910  0.002148  0.506625  0.526801   0.478481            
0.507861  0.997712  0.000947  0.482410  0.097705   0.021868            
0.504586  0.998488  0.000186  0.484305  0.245827   0.701344            
0.509851  0.998507  0.001154  0.503959  0.312615   0.641067            
0.492648  0.999972  0.000186  0.497475  0.329598   0.634836            
0.510541  0.999758  0.001990  0.499627  0.470090   0.705305            
0.500796  0.998020  0.005332  0.481011  0.097530   0.262384            
0.499844  0.997712  0.000947  0.490813  0.208997   0.926153            
0.489281  0.999972  0.001154  0.499816  0.179082   0.225555            
0.517807  0.996999  0.000775  0.489991  0.656893   0.118495            
0.478364  0.999910  0.001854  0.513269  0.690804   0.108977            
0.492877  0.998828  0.002148  0.508844  0.129590   0.349650            
0.493034  0.998533  0.000947  0.503209  0.665847   0.711153            
0.499883  0.998645  0.001707  0.502521  0.087441   0.280618            
0.505780  0.997213  0.002299  0.499435  0.225740   0.805008            
0.479694  0.999758  0.003939  0.498904  0.012528   0.955391            
0.493846  0.999971  0.000775  0.483759  0.465406   0.718552            
0.496163  0.997356  0.001847  0.506005  0.633245   0.327155            
0.512481  0.999972  0.000186  0.486442  0.238029   0.522968            
0.504317  0.997356  0.000186  0.504359  0.808446   0.856518            
0.505593  0.998918  0.002363  0.494828  0.161663   0.362057            
0.485161  0.994957  0.000775  0.496691  0.206366   0.837515            
0.501916  0.999758  0.001994  0.496376  0.300130   0.349501            
0.485896  0.998261  0.001854  0.498605  0.608641   0.710646            
0.492408  0.998949  0.001677  0.486035  0.494225   0.893097            
0.496292  0.999758  0.003224  0.480490  0.926477   0.362675            
0.490695  0.998261  0.002699  0.488124  0.601171   0.938967            
0.488728  0.998645  0.003052  0.501551  0.811760   0.963106            
0.495317  0.999910  0.004511  0.492062  0.746032   0.565154            
0.497262  0.998488  0.002719  0.505987  0.963604   0.691993            
0.505178  0.998507  0.001154  0.513818  0.774090   0.361812            
0.505128  0.998306  0.001154  0.493448  0.249394   0.938841            
0.482991  0.997450  0.000947  0.527388  0.958694   0.720897            
0.496280  0.997356  0.001154  0.508820  0.829519   0.597305            
0.509949  0.996673  0.000186  0.489839  0.549892   0.142217            
0.496648  0.999758  0.001682  0.511136  0.575067   0.010761            
0.498430  0.998949  0.001245  0.499279  0.357791   0.737522            
0.501517  0.997121  0.000186  0.483679  0.510781   0.719176            
0.485127  0.999971  0.000775  0.497638  0.181702   0.695365            
0.501155  0.999971  0.001646  0.499522  0.740515   0.304352            
0.499587  0.999758  0.001646  0.506310  0.524623   0.080760            
0.485953  0.998918  0.000947  0.508865  0.667534   0.852956            
0.488635  0.996533  0.001994  0.494768  0.102702   0.421033            
0.505474  0.997712  0.001245  0.512918  0.349033   0.027306            
0.502494  0.999971  0.000775  0.500231  0.190969   0.035603            
0.501398  0.999971  0.001906  0.494836  0.284045   0.276569            
0.510608  0.999758  0.001245  0.514952  0.712918   0.154475            
0.501572  0.998828  0.001646  0.498549  0.527880   0.694191            
0.490995  0.999910  0.002299  0.490239  0.552369   0.880537            
0.507465  0.999972  0.001990  0.496668  0.388372   0.706502            
0.499101  0.998828  0.001677  0.512503  0.254727   0.825155            
0.492543  0.999971  0.004184  0.508916  0.963226   0.789601            
0.501438  0.999910  0.000947  0.491548  0.590652   0.151647            
0.499501  0.998507  0.000775  0.491217  0.822847   0.518605            
0.504605  0.999758  0.001707  0.477938  0.465214   0.747529            
0.488446  0.999758  0.001906  0.499156  0.474377   0.139226            
0.500750  0.998707  0.004597  0.498234  0.029125   0.518957            
0.487245  0.996693  0.001646  0.508653  0.654861   0.783730            
0.482479  0.998488  0.001854  0.510364  0.769634   0.852240            
0.493793  0.998488  0.003939  0.503487  0.432102   0.428985            
0.491230  0.998488  0.001154  0.496189  0.631247   0.634389            
0.507933  0.998306  0.001646  0.486818  0.273610   0.976543            
0.506186  0.998707  0.001677  0.496528  0.666958   0.218149            
0.501527  0.997121  0.001994  0.494364  0.576136   0.626987            
0.484952  0.998918  0.001707  0.505578  0.364029   0.648429            
0.493783  0.999910  0.001707  0.507758  0.188159   0.022700            
0.490648  0.999758  0.002330  0.495172  0.172778   0.101325            
0.512814  0.998949  0.001154  0.487762  0.199557   0.246876            
0.492513  0.998073  0.001646  0.501058  0.246776   0.317946            
0.487119  0.999565  0.001795  0.482210  0.286592   0.042550            
0.486679  0.999971  0.001677  0.482584  0.199285   0.207076            
0.503367  0.998918  0.001154  0.492494  0.452091   0.321447            
0.496254  0.999972  0.000947  0.510276  0.480475   0.310166            
0.491115  0.999910  0.002541  0.492027  0.666297   0.286352            
0.491699  0.999758  0.001707  0.507775  0.718856   0.344697            
0.491236  0.999971  0.000186  0.502331  0.341529   0.148052            
0.499095  0.998949  0.000775  0.487785  0.124658   0.979007            
0.493106  0.999565  0.001677  0.498497  0.713537   0.062943            
0.502709  0.998707  0.005142  0.496850  0.052790   0.718261            
